1.6000000000000001 1.6000000000000001 -673.9782644314882418
1.6000000000000001 0.2000000000000002 -651.9746560543762826
1.6000000000000001 3.0000000000000000 -682.8184207312224316
0.2000000000000002 1.6000000000000001 -672.2747719268304536
3.0000000000000000 1.6000000000000001 -686.5057963101927498
1.6000000000000001 0.9000000000000001 -667.0838244895251137
1.6000000000000001 2.2999999999999998 -679.3385519668776169
0.2000000000000002 0.2000000000000002 -657.1736930683528044
0.2000000000000002 3.0000000000000000 -681.4574887702667638
3.0000000000000000 0.2000000000000002 -668.0883370651106361
3.0000000000000000 3.0000000000000000 -692.3721327669882157
0.9000000000000001 1.6000000000000001 -675.0008696797822267
1.6000000000000001 0.5500000000000003 -664.5717908104506932
1.6000000000000001 1.2500000000000000 -673.2128659915052822
1.6000000000000001 1.9500000000000002 -678.0147364647914401
1.6000000000000001 2.6499999999999999 -681.5673401472575961
0.2000000000000002 0.9000000000000001 -671.7933044196190622
0.2000000000000002 2.2999999999999998 -678.8489359052730379
3.0000000000000000 0.9000000000000001 -681.2892448609944722
3.0000000000000000 2.2999999999999998 -688.5682698849734606
0.9000000000000001 0.2000000000000002 -662.1345092875053524
0.9000000000000001 3.0000000000000000 -683.7973953434327541
2.2999999999999998 1.6000000000000001 -680.5348907392143474
2.2999999999999998 0.2000000000000002 -664.5584161073718406
2.2999999999999998 3.0000000000000000 -686.4989099861004433
1.6000000000000001 0.3750000000000002 -663.8473789639656388
1.6000000000000001 0.7250000000000001 -669.7747887180005364
1.6000000000000001 1.0750000000000002 -672.9669168505619155
1.6000000000000001 1.4250000000000000 -675.8151556269286857
1.6000000000000001 1.7750000000000001 -677.4075777551138344
1.6000000000000001 2.1250000000000000 -679.7467023233641612
1.6000000000000001 2.4750000000000001 -681.0360245707104241
1.6000000000000001 2.8250000000000002 -682.5098009164656787
0.2000000000000002 0.5500000000000003 -672.4249931419259383
0.2000000000000002 1.2500000000000000 -676.5342388630226651
0.2000000000000002 1.9500000000000002 -678.0260624799282141
0.2000000000000002 2.6499999999999999 -681.1844177834477705
3.0000000000000000 0.5500000000000003 -680.2693501844186130
3.0000000000000000 1.2500000000000000 -685.5023546917483372
3.0000000000000000 1.9500000000000002 -687.3802146250601481
3.0000000000000000 2.6499999999999999 -688.9495189584938544
0.9000000000000001 0.9000000000000001 -676.1516781229679509
0.9000000000000001 2.2999999999999998 -681.3772652439249669
2.2999999999999998 0.9000000000000001 -677.6188932469916608
2.2999999999999998 2.2999999999999998 -683.4765008437826737
0.5500000000000003 1.6000000000000001 -675.9488254837265231
0.5500000000000003 0.2000000000000002 -664.7248736238479978
0.5500000000000003 3.0000000000000000 -682.8477449452826704
1.2500000000000000 1.6000000000000001 -676.5630334326876891
1.2500000000000000 0.2000000000000002 -662.9140424869474373
1.2500000000000000 3.0000000000000000 -683.3946520347382148
1.9500000000000002 1.6000000000000001 -678.3965039555320118
1.9500000000000002 0.2000000000000002 -663.0811394371612550
2.6499999999999999 1.6000000000000001 -683.3519330537335463
2.6499999999999999 0.2000000000000002 -669.8500116217064715
1.6000000000000001 0.2875000000000001 -664.1118658877200005
1.6000000000000001 0.4625000000000001 -668.9763574320130601
1.6000000000000001 0.6375000000000002 -671.1715700961884750
1.6000000000000001 0.8125000000000001 -672.3794749034022971
1.6000000000000001 0.9875000000000002 -673.0614913484979525
1.6000000000000001 1.1625000000000001 -675.8030041831367498
1.6000000000000001 1.3375000000000001 -676.5898253337603592
1.6000000000000001 1.5125000000000002 -677.2942773893920503
1.6000000000000001 1.6875000000000000 -677.1163787874174886
1.6000000000000001 1.8625000000000000 -679.1352316015345423
1.6000000000000001 2.0375000000000001 -679.8443324399770518
1.6000000000000001 2.2124999999999999 -680.7651589227214117
1.6000000000000001 2.3875000000000002 -680.7926149820560795
1.6000000000000001 2.5625000000000000 -681.9174610262004990
1.6000000000000001 2.7374999999999998 -682.3640394837993881
1.6000000000000001 2.9125000000000001 -682.9976332050166548
0.2000000000000002 0.3750000000000002 -673.2710106198245512
0.2000000000000002 0.7250000000000001 -677.6668396821484066
0.2000000000000002 1.0750000000000002 -678.1336748159371837
0.2000000000000002 1.4250000000000000 -678.2239824559014778
0.2000000000000002 1.7750000000000001 -677.5026856038814458
0.2000000000000002 2.1250000000000000 -680.2340217460907752
0.2000000000000002 2.4750000000000001 -680.9797139570149511
0.2000000000000002 2.8250000000000002 -682.0928839227271965
3.0000000000000000 0.3750000000000002 -680.8731249789934736
3.0000000000000000 0.7250000000000001 -684.5454027391001546
3.0000000000000000 1.0750000000000002 -685.3748624279323849
3.0000000000000000 1.4250000000000000 -686.8311853646599729
3.0000000000000000 1.7750000000000001 -686.8489760370896420
3.0000000000000000 2.1250000000000000 -687.4078146849371933
3.0000000000000000 2.4750000000000001 -687.7919077320711949
3.0000000000000000 2.8250000000000002 -688.7175874322094842
0.9000000000000001 0.5500000000000003 -677.4562091316386159
0.9000000000000001 1.2500000000000000 -680.3980144297506740
0.9000000000000001 1.9500000000000002 -680.7889780511677600
0.9000000000000001 2.6499999999999999 -683.4554422072998250
2.2999999999999998 0.5500000000000003 -677.7847535375781263
2.2999999999999998 1.2500000000000000 -681.7506304846109515
2.2999999999999998 1.9500000000000002 -682.9026958389238189
2.2999999999999998 2.6499999999999999 -684.4437608668713438
0.5500000000000003 0.9000000000000001 -679.2162804051451985
0.5500000000000003 2.2999999999999998 -682.1450632774633505
1.2500000000000000 0.9000000000000001 -677.5933698315245692
1.2500000000000000 2.2999999999999998 -682.1784086253741179
1.9500000000000002 3.0000000000000000 -685.1209728705048292
1.9500000000000002 0.9000000000000001 -676.6152150001933023
1.9500000000000002 2.2999999999999998 -682.7532574426138581
2.6499999999999999 3.0000000000000000 -687.6527987358948621
2.6499999999999999 0.9000000000000001 -681.5589930123109070
2.6499999999999999 2.2999999999999998 -685.3898736168064261
0.3750000000000002 1.6000000000000001 -676.8023329952056883
0.3750000000000002 0.2000000000000002 -665.9519744950200675
0.3750000000000002 3.0000000000000000 -682.6990769941849067
0.7250000000000001 1.6000000000000001 -677.9030316594119085
0.7250000000000001 0.2000000000000002 -667.9636977724059079
0.7250000000000001 3.0000000000000000 -683.6042639374027203
1.0750000000000002 1.6000000000000001 -677.9973616575211963
1.0750000000000002 0.2000000000000002 -667.1528626885240101
1.0750000000000002 3.0000000000000000 -683.8151437504509431
1.4250000000000000 1.6000000000000001 -677.6429856686438598
1.4250000000000000 0.2000000000000002 -663.7533777346474153
1.4250000000000000 3.0000000000000000 -683.3927121804999842
1.7750000000000001 1.6000000000000001 -677.7889990360777119
1.7750000000000001 0.2000000000000002 -662.3041168792788085
2.1250000000000000 1.6000000000000001 -680.6104577116841483
2.1250000000000000 0.2000000000000002 -668.0581229846020506
2.4750000000000001 1.6000000000000001 -682.4630463373612201
2.8250000000000002 1.6000000000000001 -684.7123012059651046
