1.0000000000000000 847.1770126632089841 626.4921654663431809
2.0000000000000000 221.4042712092766578 38.2120073301756875
3.0000000000000000 98.3342251054272651 21.7841762765771705
4.0000000000000000 71.8085079558326242 13.0019082382584727
5.0000000000000000 63.8926250259013386 11.7221207291646934
6.0000000000000000 38.0140928712179402 7.5909331334897292
7.0000000000000000 31.2185629658598600 5.2404969317460584
8.0000000000000000 20.2658045179254032 3.1307493777126560
9.0000000000000000 14.8701263915495474 1.7309433596497430
10.0000000000000000 10.8945754502881300 1.1276476080014510
