TASMANIAN SG 4.0
WARNING: do not edit this manually
localpolynomial
2 1 1 5
localp
1 2 123 0 0 0 1 0 2 0 3 0 4 0 5 0 6 0 7 0 8 0 9 0 10 0 11 0 12 0 13 0 14 0 15 0 16 0 17 0 18 0 19 0 20 0 21 0 22 0 23 0 24 0 25 0 26 0 27 0 28 0 29 0 30 0 31 0 32 1 0 1 1 1 2 1 3 1 4 1 5 1 6 1 7 1 8 1 9 1 10 1 11 1 12 1 13 1 14 1 15 1 16 2 0 2 1 2 2 2 3 2 4 2 5 2 6 2 7 2 8 2 9 2 10 2 11 2 12 2 13 2 14 2 15 2 16 3 0 3 1 3 2 3 3 3 4 3 5 3 6 3 7 3 8 4 0 4 1 4 2 4 3 4 4 4 5 4 6 4 7 4 8 5 0 5 1 5 2 5 3 5 4 6 0 6 1 6 2 6 3 6 4 7 0 7 1 7 2 7 3 7 4 8 0 8 1 8 2 8 3 8 4 9 0 9 1 9 2 10 0 10 1 10 2 11 0 11 1 11 2 12 0 12 1 12 2 13 0 13 1 14 0 14 1 15 0 16 0
1  -4.63106207065764977e+02 7.00423046614454847e+01 -1.12360879796250117e+02 -5.06275304373468202e+01 -2.98377186178180978e+01 -5.14800301649176504e+01 -4.47189244067755567e+01 -3.32894373681627371e+01 -2.43307950982930379e+01 -5.27312608957096813e+01 -4.38718242053194558e+01 -3.88601837746292631e+01 -4.39952918430497562e+01 -3.21420353856641441e+01 -2.89162911970215646e+01 -2.09128930481278417e+01 -2.42454404090374851e+01 -5.70762180571601334e+01 -4.66192987036720297e+01 -4.21045777046002740e+01 -4.60672980179732576e+01 -3.87017798269058062e+01 -4.01902714180000089e+01 -3.61515145092111538e+01 -5.13074523108325025e+01 -3.14698430172206258e+01 -3.33921474974403054e+01 -2.42207437168355568e+01 -3.44381416316159630e+01 -1.87430275037402794e+01 -2.42993650153755425e+01 -1.68559838169725822e+01 -3.10787474317290275e+01 8.41072056846053329e+00 -6.01825424752813092e+01 -1.93283803650280106e+01 -3.62038029251795308e+01 -2.18681271596001352e+01 -2.79005219578824608e+01 -2.88744995372944970e+01 -1.96287394835071893e+01 -1.23585235464925347e+01 -2.56811870659883041e+01 -1.72423848513907387e+01 -1.50778160529951037e+01 -2.80234585580234636e+01 -1.52774433330571640e+01 -1.16241605011599631e+01 -4.33319271277699158e+00 -9.68649890374308598e+00 -7.55847771319451454e+01 -4.05519773422511207e+01 3.02184771839392852e-01 -1.74664695678695807e+01 -4.51385790199367420e+00 -1.45203347880438969e+01 -1.32492236661215657e+01 -5.84575574124858122e+00 2.07061675409045165e+00 -1.80943138406224762e+01 -1.08069316826326940e+01 -8.30204579655787711e+00 -1.63752896093187701e+01 -7.32068984580547522e+00 -4.10461440483567230e+00 1.00495164084765065e+00 8.22078482080598860e-01 -4.38480561871184022e+01 -4.44747615104581087e+01 -9.06356145732456753e+00 -2.21252388483814144e+01 -1.23819864483365620e+01 -1.40226201647360682e+01 -1.90823172091832731e+01 -1.30419281335285575e+01 -6.02666030508845552e+00 -3.55167995497639026e+01 -8.42890814415230238e+00 2.52444904272697670e+01 -1.69568038820329008e+01 -1.05506902830446592e+01 -1.48365158859674580e+01 -1.52226091616186778e+01 -1.23864450263507564e+01 -1.06957969044809147e+01 -4.66281099604100859e+01 4.17630751172083592e+00 2.97908643060865188e+01 -1.73588472271203358e+01 -1.65754560480249467e+01 -4.58748876021854244e+01 -4.77376038419993165e+00 2.67789176803449323e+01 -2.32552499819341705e+01 -1.90440129513978178e+01 -3.76437735109868754e+01 -6.97678225042453448e+00 -1.36558423489116052e+01 -1.57407163488393635e+01 -4.14214337128206722e+00 -3.38360070683370964e+01 -2.76966011915313004e+00 -6.48799624681653597e+00 -9.89582842810645502e+00 -2.51761983030952763e+00 -5.26856513244209168e+01 9.42727080340642942e+00 2.51094707295433750e+01 -4.79024178734399015e+01 1.08706432699142397e+01 2.56179374955801222e+01 -4.52246388911691497e+01 6.48223564413794406e+00 2.28803352191513056e+01 -5.22735482781858423e+01 -3.86439141036512979e+00 2.24855022381164815e+01 -4.10504933516673987e+01 -2.45411532560866874e+00 -4.05720264677457862e+01 3.17133602700650385e-01 -3.35067118621121267e+01 -4.21553555779655085e+01
0
0
1 0
0 4 5 6 8 10 12 14 16 18 20 22 24 26 28 30 32 34 34 34 34 34 34 34 34 34 34 34 34 34 34 34 34 34 37 38 39 41 43 45 47 49 51 51 51 51 51 51 51 51 51 54 55 56 58 60 62 64 66 68 68 68 68 68 68 68 68 68 72 73 74 76 78 78 78 78 78 82 83 84 86 88 88 88 88 88 92 93 94 94 94 98 99 100 100 100 104 105 106 106 106 110 111 112 112 112 114 114 114 116 116 116 118 118 118 120 120 120 121 121 122 122 122 122
33 50 1 2 3 4 5 6 7 8 9 10 11 12 13 14 15 16 17 18 19 20 21 22 23 24 25 26 27 28 29 30 31 32 67 34 35 36 37 38 39 40 41 42 43 44 45 46 47 48 49 76 51 52 53 54 55 56 57 58 59 60 61 62 63 64 65 66 85 90 68 69 70 71 72 73 74 75 95 100 77 78 79 80 81 82 83 84 105 108 86 87 88 89 111 114 91 92 93 94 117 119 96 97 98 99 121 122 101 102 103 104 106 107 109 110 112 113 115 116 118 120
1 123 1 -4.63106207065764977e+02 -3.93063902404319492e+02 -5.75467086862015094e+02 -4.78712585172389026e+02 -5.49124365581708162e+02 -4.87368273953271853e+02 -5.15628320525852587e+02 -5.39404723691899335e+02 -5.86626521320154666e+02 -4.92947349074505325e+02 -5.26912253768149981e+02 -5.36030636623750070e+02 -5.33362555638858566e+02 -5.33397500764496272e+02 -5.73180835833825313e+02 -5.88788336499059255e+02 -6.05292244500122365e+02 -5.00081843796572514e+02 -5.36777110217560676e+02 -5.49244841565311162e+02 -5.48879717488242704e+02 -5.46073390724975411e+02 -5.66019749992801394e+02 -5.60646952591566674e+02 -5.49541833663144189e+02 -5.29721696932351279e+02 -5.69793259725638109e+02 -5.80513523479697824e+02 -5.95590742339382700e+02 -5.87699378544123988e+02 -6.12006793924982503e+02 -6.12815366727111041e+02 -6.21458413112797643e+02 -4.54695486497304444e+02 -4.44835724311140325e+02 -5.86384746658582571e+02 -5.36596938766748735e+02 -5.72245962355361826e+02 -5.70096883661744641e+02 -5.69239636576096700e+02 -5.66388901278003004e+02 -6.16004673151757743e+02 -5.85878751948140348e+02 -6.14461120270956826e+02 -6.06856287499047085e+02 -5.83986311937773735e+02 -5.57961672606375032e+02 -6.09857883514863943e+02 -6.19371403514464646e+02 -6.35126649217950671e+02 -5.38690984197710122e+02 -5.09200656878515815e+02 -6.50749679222120903e+02 -5.92039820543329370e+02 -6.29071908229727342e+02 -6.16620603663884026e+02 -6.23333550443416925e+02 -6.23016639323129993e+02 -6.62170972070126709e+02 -6.33736205007532135e+02 -6.59008967991558961e+02 -6.54848915064560288e+02 -6.41382848772931993e+02 -6.20316536991889620e+02 -6.59065179378285848e+02 -6.65529381557207216e+02 -6.79883687573080692e+02 -5.02748902968653113e+02 -5.07272631055306306e+02 -6.33837534404741746e+02 -5.95865437760297823e+02 -6.21446987332652270e+02 -6.31021945716397113e+02 -6.27545661749081546e+02 -6.18243680394097510e+02 -6.64178978045324811e+02 -5.36415395181501481e+02 -4.95077987335333773e+02 -6.23380692164562106e+02 -5.92064260361732067e+02 -6.22543381524891515e+02 -6.17147837293440034e+02 -6.30805973173071948e+02 -6.28078148618334126e+02 -6.56953320470455537e+02 -5.25350304693388807e+02 -5.18505980131912565e+02 -6.26948386185985783e+02 -6.28129991695193212e+02 -6.45154608699398864e+02 -5.28802442619394469e+02 -5.00816914716198255e+02 -6.23748280555218912e+02 -6.08806029242563000e+02 -6.36815118170591063e+02 -5.37404574634620076e+02 -4.88691500631238057e+02 -6.50723505373187095e+02 -5.92261303752099138e+02 -6.34447711610024498e+02 -5.71389196757942841e+02 -5.38744989294415063e+02 -6.77389189008495123e+02 -6.37168706008550885e+02 -6.65405269899364271e+02 -5.42708546919767514e+02 -5.24929232742540876e+02 -6.34242747017161719e+02 -5.61952021704460890e+02 -5.49921080197135097e+02 -6.52677440673223600e+02 -5.61000311685192969e+02 -5.42787176132783543e+02 -6.51137211151998144e+02 -5.48227873120765594e+02 -5.03078348248809846e+02 -6.29395729748686563e+02 -5.41305884201859953e+02 -4.84382310195054799e+02 -5.77482011375806565e+02 -5.32139636848331179e+02 -5.87409007831834288e+02 -5.97195446055791990e+02
custom
2.00000000000000011e-01 3.00000000000000000e+00
2.00000000000000011e-01 3.00000000000000000e+00
TASMANIAN SG end
