TASMANIAN SG 4.0
WARNING: do not edit this manually
localpolynomial
2 1 1 5
localp
1 2 131 0 0 0 1 0 2 0 3 0 4 0 5 0 6 0 7 0 8 0 9 0 10 0 11 0 12 0 13 0 14 0 15 0 16 0 17 0 18 0 19 0 20 0 21 0 22 0 23 0 24 0 25 0 26 0 27 0 28 0 29 0 30 0 31 0 32 1 0 1 1 1 2 1 3 1 4 1 5 1 6 1 7 1 8 1 9 1 10 1 11 1 12 1 13 1 14 1 15 1 16 2 0 2 1 2 2 2 3 2 4 2 5 2 6 2 7 2 8 2 9 2 10 2 11 2 12 2 13 2 14 2 15 2 16 3 0 3 1 3 2 3 3 3 4 3 5 3 6 3 7 3 8 4 0 4 1 4 2 4 3 4 4 4 5 4 6 4 7 4 8 5 0 5 1 5 2 5 3 5 4 6 0 6 1 6 2 6 3 6 4 7 0 7 1 7 2 7 3 7 4 8 0 8 1 8 2 8 3 8 4 9 0 9 1 9 2 10 0 10 1 10 2 11 0 11 1 11 2 12 0 12 1 12 2 13 0 13 1 13 2 14 0 14 1 14 2 15 0 15 1 15 2 16 0 16 1 16 2 17 0 18 0
1  -5.93871883491500739e+02 6.53572851386018101e+01 -6.44166701558824570e+01 -2.40500527347487605e+01 -9.79104248666908461e+00 -2.61692645785833520e+01 -1.93917196272561796e+01 -1.25455414859409302e+01 -6.55965995460701379e+00 -2.87742031431816940e+01 -2.27804026506913715e+01 -1.89780885035430629e+01 -1.94162282174995653e+01 -1.37957970966458561e+01 -1.14881080141949496e+01 -7.63072533046647550e+00 -6.79860775375334470e+00 -3.09319909190153339e+01 -2.46939897047388968e+01 -2.16033331968196762e+01 -2.27285619637585796e+01 -1.83517956547715357e+01 -1.82432957831904332e+01 -1.53626165104941492e+01 -2.09199704969619233e+01 -1.22437935027892308e+01 -1.30425959530841737e+01 -8.84300875522194474e+00 -1.24493536288882751e+01 -6.26604592600733667e+00 -7.89533684144930703e+00 -4.68178137593531574e+00 -7.82612380611112712e+00 7.78684094066045418e+00 -3.29524591070545512e+01 -4.41831377620349031e+00 -1.76030297867892500e+01 -8.54802605549758709e+00 -1.49985528573930651e+01 -1.32355872083080044e+01 -8.75008207127126525e+00 -4.62482913447865940e+00 -1.43913725316198224e+01 -9.10664444846918286e+00 -7.42615563310471316e+00 -1.24172745652235221e+01 -6.98033365894406188e+00 -5.30702210114395712e+00 -2.33275479379722128e+00 -3.52248137490744284e+00 -5.81632035576014914e+01 -1.75798542421379125e+01 1.09542910925504202e+01 -3.27224181991454088e+00 4.77578756856519249e+00 -3.94298615771697314e+00 -1.10726824619291619e-02 3.13665416412726472e+00 7.24954521971216082e+00 -5.91248498996338867e+00 -1.05853742176094556e+00 1.14951023033682986e+00 3.30574603162403946e-01 3.18184878126487547e+00 5.02584757307255359e+00 6.53848501456320719e+00 9.66990470080810383e+00 -1.77173038729752079e+01 -2.53289833981529569e+01 1.26098695324117216e-03 -1.14966896155493146e+01 -4.92885046779900904e+00 -9.25610512064891111e+00 -9.60565575160906349e+00 -6.57950279095298640e+00 -2.78371853656433643e+00 -1.05642369070600353e+01 -1.12924354605854660e+01 1.28108487605923074e+01 -6.83883483753177757e+00 -2.23145826061016805e+00 -7.06431364690330099e+00 -5.52585543608570617e+00 -4.08103612214603118e+00 -1.71811851053485043e+00 -1.75476794872316759e+01 -1.99084234921886321e+01 1.14354082539961155e-01 -7.87422605691760680e+00 -5.31533447152104088e+00 -1.69219475711643099e+01 -2.33544447836398774e+01 7.54643074346432741e-01 -1.00792044366890963e+01 -5.32631792983436014e+00 -1.36062227159472968e+01 -9.56384290247399349e+00 1.19240861214507277e+01 -7.47689908851567964e+00 -5.14375723433354892e+00 -8.58312767544998678e+00 -8.60846286969319863e+00 1.22479130206908167e+01 -3.40836977623636983e+00 -2.09257034566579136e+00 -1.90418967202341491e+01 -1.85029417730118126e+01 -1.80384687189588533e+00 -1.68924078765369359e+01 -1.56031116519482538e+01 2.78114838790386898e-01 -1.92851169608183000e+01 -3.62776568469726612e-01 1.63159140162082252e+01 -2.15883408388883709e+01 -8.04311849531181622e+00 1.57424810798829213e+01 -1.60353238064202515e+01 -6.95308060288562046e+00 1.14780015727355931e+01 -1.44305001147967005e+01 -6.09278520025554826e+00 1.17635516076160229e+01 -1.06307303511925966e+01 -4.38780675756976279e+00 1.02795161848407020e+01 -1.07406565590954415e+01 -6.92901252038444682e+00 1.45918244277508506e+01 -2.26109833712387172e+01 -1.94986213996396600e+01
0
0
1 0
0 4 5 6 8 10 12 14 16 18 20 22 24 26 28 30 32 34 34 34 34 34 34 34 34 34 34 34 34 34 34 34 34 34 37 38 39 41 43 45 47 49 51 51 51 51 51 51 51 51 51 54 55 56 58 60 62 64 66 68 68 68 68 68 68 68 68 68 72 73 74 76 78 78 78 78 78 82 83 84 86 88 88 88 88 88 92 93 94 94 94 98 99 100 100 100 104 105 106 106 106 110 111 112 112 112 116 116 116 118 118 118 120 120 120 122 122 122 124 124 124 126 126 126 128 128 128 130 130 130 130 130
33 50 1 2 3 4 5 6 7 8 9 10 11 12 13 14 15 16 17 18 19 20 21 22 23 24 25 26 27 28 29 30 31 32 67 34 35 36 37 38 39 40 41 42 43 44 45 46 47 48 49 76 51 52 53 54 55 56 57 58 59 60 61 62 63 64 65 66 85 90 68 69 70 71 72 73 74 75 95 100 77 78 79 80 81 82 83 84 105 108 86 87 88 89 111 114 91 92 93 94 117 120 96 97 98 99 123 126 101 102 103 104 129 130 106 107 109 110 112 113 115 116 118 119 121 122 124 125 127 128
1 131 1 -5.93871883491500739e+02 -5.28514598352898929e+02 -6.58288553647383196e+02 -5.85243293656948595e+02 -6.35871261056111052e+02 -5.83048210583507171e+02 -6.08949308201480790e+02 -6.27417113759746826e+02 -6.53639567306354138e+02 -5.84555607611384744e+02 -6.06926154770919311e+02 -6.16074389432757698e+02 -6.20826824063990443e+02 -6.24440295722269639e+02 -6.43132295422123889e+02 -6.52386139511699071e+02 -6.62762668230622012e+02 -5.87467093901157114e+02 -6.08495898802184797e+02 -6.16590515874032917e+02 -6.18813286177692589e+02 -6.19010637199624625e+02 -6.30755144600309677e+02 -6.30250682643229766e+02 -6.28269324274707401e+02 -6.21399883109674420e+02 -6.38971300694092406e+02 -6.44117713346157302e+02 -6.51951131868005632e+02 -6.50394746209912341e+02 -6.60908190250475855e+02 -6.62882899144423391e+02 -6.68351734745113845e+02 -5.86085042550840285e+02 -5.53680216519293026e+02 -6.54920026482926232e+02 -6.11535712056604666e+02 -6.38841603059049930e+02 -6.23775781723925320e+02 -6.31437684139286603e+02 -6.33758946362157303e+02 -6.58065303860073755e+02 -6.31893574796410576e+02 -6.49542793989425491e+02 -6.47890942234593354e+02 -6.40594866127786645e+02 -6.30698125212088712e+02 -6.53095404825942524e+02 -6.58416933583825539e+02 -6.66813754300160781e+02 -6.52035087049102231e+02 -6.04257656152638333e+02 -7.05497466112434267e+02 -6.55468666155533583e+02 -6.83781531498872141e+02 -6.59975411890386340e+02 -6.73154668912036072e+02 -6.77317196595800851e+02 -6.93949613540548057e+02 -6.66803222154657306e+02 -6.81560979095412222e+02 -6.82140245806991061e+02 -6.81680531594906370e+02 -6.75290090137832522e+02 -6.87011624488458892e+02 -6.89957812835613367e+02 -6.96852242879436403e+02 -6.07695766894145663e+02 -5.84143694707224086e+02 -6.74320332951176624e+02 -6.40267988044377603e+02 -6.60001955904878059e+02 -6.55130487503729796e+02 -6.59597046452280892e+02 -6.57348946712041425e+02 -6.78816937486438064e+02 -6.33517722177361520e+02 -5.88242799620414189e+02 -6.79646398026376460e+02 -6.43405269381125663e+02 -6.66216667064865646e+02 -6.51029105805115023e+02 -6.63384607183816343e+02 -6.64925445147136884e+02 -6.77584538400906808e+02 -6.14438084209724707e+02 -6.06368058592678949e+02 -6.82053505121743228e+02 -6.61277967340734676e+02 -6.72227616399446788e+02 -6.17705772763987511e+02 -5.96605538884865723e+02 -6.82471747796097816e+02 -6.51434015250336415e+02 -6.69807552444320095e+02 -6.27301025550378426e+02 -5.81548764605077849e+02 -6.70649612431376340e+02 -6.40189324774737088e+02 -6.63831900950043860e+02 -6.51359532288681976e+02 -6.13441818431669390e+02 -6.88907146724164477e+02 -6.65732696654862593e+02 -6.79550840792639292e+02 -6.19303460100516531e+02 -6.17568976049231878e+02 -6.89332509394464751e+02 -6.27959333428472178e+02 -6.27751396178436721e+02 -6.94801212074206546e+02 -6.31985886789884944e+02 -6.10022510325332973e+02 -6.81365243318247394e+02 -6.27377168966632553e+02 -5.92191527953082527e+02 -6.76226010480746027e+02 -6.26621778327359834e+02 -5.78020085888294261e+02 -6.69026405273064483e+02 -6.44839873978666674e+02 -6.05419067427798154e+02 -6.77814953736057078e+02 -6.53069357584214231e+02 -6.15860846134803978e+02 -6.84627986541622477e+02 -6.62437966227987545e+02 -6.26519406371633750e+02 -6.93351138549644020e+02 -6.25305234696917069e+02 -6.36369393554760450e+02
custom
2.00000000000000011e-01 3.00000000000000000e+00
2.00000000000000011e-01 3.00000000000000000e+00
TASMANIAN SG end
