TASMANIAN SG 4.0
WARNING: do not edit this manually
localpolynomial
2 1 1 5
localp
1 2 123 0 0 0 1 0 2 0 3 0 4 0 5 0 6 0 7 0 8 0 9 0 10 0 11 0 12 0 13 0 14 0 15 0 16 0 17 0 18 0 19 0 20 0 21 0 22 0 23 0 24 0 25 0 26 0 27 0 28 0 29 0 30 0 31 0 32 1 0 1 1 1 2 1 3 1 4 1 5 1 6 1 7 1 8 1 9 1 10 1 11 1 12 1 13 1 14 1 15 1 16 2 0 2 1 2 2 2 3 2 4 2 5 2 6 2 7 2 8 2 9 2 10 2 11 2 12 2 13 2 14 2 15 2 16 3 0 3 1 3 2 3 3 3 4 3 5 3 6 3 7 3 8 4 0 4 1 4 2 4 3 4 4 4 5 4 6 4 7 4 8 5 0 5 1 5 2 5 3 5 4 6 0 6 1 6 2 6 3 6 4 7 0 7 1 7 2 7 3 7 4 8 0 8 1 8 2 8 3 8 4 9 0 9 1 9 2 10 0 10 1 10 2 11 0 11 1 11 2 12 0 12 1 12 2 13 0 13 1 14 0 14 1 15 0 16 0
1  -6.73978264431488242e+02 2.20036083771119593e+01 -8.84015629973418982e+00 -4.10736424659285149e+00 -9.40209385522280172e-01 -5.04255053849999513e+00 -2.68182153099860443e+00 -1.35632826560845388e+00 -4.88853798207628643e-01 -5.57415553155215093e+00 -3.94698106801251924e+00 -2.81857161004677437e+00 -2.21959041543186686e+00 -1.41107730697399347e+00 -1.07005810752968955e+00 -5.83078513642817597e-01 -3.16920477225608010e-01 -6.20084837854903981e+00 -4.76677254480489410e+00 -3.99828033196297383e+00 -3.95016829963947202e+00 -3.03612067845438105e+00 -2.71311276210315100e+00 -2.07581452454337523e+00 -2.39756736018364336e+00 -1.42345769411645051e+00 -1.42407449158190502e+00 -9.63613045899364806e-01 -1.22253177760035214e+00 -6.05326713262002158e-01 -6.15778667216545728e-01 -3.25468951937637030e-01 -3.33522381172542737e-01 1.70349250465778823e+00 -6.90252951863431008e+00 -3.42560543702120412e-01 -2.96170767543458169e+00 -1.04259617120214898e+00 -2.89894385944000987e+00 -1.81837915879930279e+00 -1.10788029826795764e+00 -5.42351647470184162e-01 -2.89751198313314262e+00 -1.61070983336338713e+00 -1.15133156456948882e+00 -1.59988664554310844e+00 -9.41191093528118472e-01 -7.26464445960516514e-01 -3.79958599011786191e-01 -4.55010168644321311e-01 -1.25275318787045080e+01 -3.58614913202984553e+00 2.97381984293872392e+00 1.15186073250072241e-01 1.81090403913930231e+00 -5.38008682866063737e-01 1.07698742484387822e+00 1.51314673813135414e+00 2.00953616569466931e+00 -1.12012582267669814e+00 1.80875851619020978e-01 8.39508958485851053e-01 1.39248055174249430e+00 1.50510673751085733e+00 1.63648567760930064e+00 1.55006520330522335e+00 2.26015890775715889e+00 -1.87435150062287903e+00 -5.68598322551792990e+00 2.14910907934722673e-01 -1.99577055501401901e+00 -5.16625261194121776e-01 -1.82109295818202099e+00 -1.23072941797727253e+00 -6.89642174571702071e-01 -1.08082291678272213e-01 -2.92860368373794699e-01 -4.23405917925464337e+00 1.38922713137873188e+00 -1.02246861373072306e+00 7.51568848272654577e-02 -1.38454398046330596e+00 -5.30410672931267868e-01 -2.97245150882602616e-01 2.80302634304092635e-02 -2.31100468042018292e+00 -2.75976776549873648e+00 2.09070179198715778e+00 -1.55290057068214082e+00 -7.66308918437744069e-01 -2.07346637705245485e+00 -3.78599343895416496e+00 1.98672237964183296e+00 -2.00915542874838593e+00 -7.40394832741287701e-01 -1.13992637018077403e+00 -3.67467698610639104e+00 6.77618858337410757e-01 -1.28659126870097396e+00 -5.44614096271587300e-01 1.68410470970002280e-01 -3.69504550643515017e+00 1.61431216967943669e+00 -4.25811676070267708e-01 -3.43054808238051123e-01 -2.69053428992720001e+00 -2.31215685899246637e+00 2.14407415351706732e+00 -2.42818407765753363e+00 -2.10582223907158550e+00 2.14649028461258240e+00 -2.21541010128635207e+00 -2.41317670001137685e+00 1.99629003992083653e+00 -2.37233673655578059e+00 -3.93669172742977480e+00 2.08616093903617639e+00 -1.60161484256764197e+00 -3.17460429094244034e+00 -1.14476036431096873e+00 -3.09358484802454825e+00 -5.19634440887216442e-01 2.16563475997986643e-01
0
0
1 0
0 4 5 6 8 10 12 14 16 18 20 22 24 26 28 30 32 34 34 34 34 34 34 34 34 34 34 34 34 34 34 34 34 34 37 38 39 41 43 45 47 49 51 51 51 51 51 51 51 51 51 54 55 56 58 60 62 64 66 68 68 68 68 68 68 68 68 68 72 73 74 76 78 78 78 78 78 82 83 84 86 88 88 88 88 88 92 93 94 94 94 98 99 100 100 100 104 105 106 106 106 110 111 112 112 112 114 114 114 116 116 116 118 118 118 120 120 120 121 121 122 122 122 122
33 50 1 2 3 4 5 6 7 8 9 10 11 12 13 14 15 16 17 18 19 20 21 22 23 24 25 26 27 28 29 30 31 32 67 34 35 36 37 38 39 40 41 42 43 44 45 46 47 48 49 76 51 52 53 54 55 56 57 58 59 60 61 62 63 64 65 66 85 90 68 69 70 71 72 73 74 75 95 100 77 78 79 80 81 82 83 84 105 108 86 87 88 89 111 114 91 92 93 94 117 119 96 97 98 99 121 122 101 102 103 104 106 107 109 110 112 113 115 116 118 120
1 123 1 -6.73978264431488242e+02 -6.51974656054376283e+02 -6.82818420731222432e+02 -6.67083824489525114e+02 -6.79338551966877617e+02 -6.64571790810450693e+02 -6.73212865991505282e+02 -6.78014736464791440e+02 -6.81567340147257596e+02 -6.63847378963965639e+02 -6.69774788718000536e+02 -6.72966916850561915e+02 -6.75815155626928686e+02 -6.77407577755113834e+02 -6.79746702323364161e+02 -6.81036024570710424e+02 -6.82509800916465679e+02 -6.64111865887720001e+02 -6.68976357432013060e+02 -6.71171570096188475e+02 -6.72379474903402297e+02 -6.73061491348497952e+02 -6.75803004183136750e+02 -6.76589825333760359e+02 -6.77294277389392050e+02 -6.77116378787417489e+02 -6.79135231601534542e+02 -6.79844332439977052e+02 -6.80765158922721412e+02 -6.80792614982056079e+02 -6.81917461026200499e+02 -6.82364039483799388e+02 -6.82997633205016655e+02 -6.72274771926830454e+02 -6.57173693068352804e+02 -6.81457488770266764e+02 -6.71793304419619062e+02 -6.78848935905273038e+02 -6.72424993141925938e+02 -6.76534238863022665e+02 -6.78026062479928214e+02 -6.81184417783447770e+02 -6.73271010619824551e+02 -6.77666839682148407e+02 -6.78133674815937184e+02 -6.78223982455901478e+02 -6.77502685603881446e+02 -6.80234021746090775e+02 -6.80979713957014951e+02 -6.82092883922727196e+02 -6.86505796310192750e+02 -6.68088337065110636e+02 -6.92372132766988216e+02 -6.81289244860994472e+02 -6.88568269884973461e+02 -6.80269350184418613e+02 -6.85502354691748337e+02 -6.87380214625060148e+02 -6.88949518958493854e+02 -6.80873124978993474e+02 -6.84545402739100155e+02 -6.85374862427932385e+02 -6.86831185364659973e+02 -6.86848976037089642e+02 -6.87407814684937193e+02 -6.87791907732071195e+02 -6.88717587432209484e+02 -6.75000869679782227e+02 -6.62134509287505352e+02 -6.83797395343432754e+02 -6.76151678122967951e+02 -6.81377265243924967e+02 -6.77456209131638616e+02 -6.80398014429750674e+02 -6.80788978051167760e+02 -6.83455442207299825e+02 -6.80534890739214347e+02 -6.64558416107371841e+02 -6.86498909986100443e+02 -6.77618893246991661e+02 -6.83476500843782674e+02 -6.77784753537578126e+02 -6.81750630484610951e+02 -6.82902695838923819e+02 -6.84443760866871344e+02 -6.75948825483726523e+02 -6.64724873623847998e+02 -6.82847744945282670e+02 -6.79216280405145199e+02 -6.82145063277463350e+02 -6.76563033432687689e+02 -6.62914042486947437e+02 -6.83394652034738215e+02 -6.77593369831524569e+02 -6.82178408625374118e+02 -6.78396503955532012e+02 -6.63081139437161255e+02 -6.85120972870504829e+02 -6.76615215000193302e+02 -6.82753257442613858e+02 -6.83351933053733546e+02 -6.69850011621706471e+02 -6.87652798735894862e+02 -6.81558993012310907e+02 -6.85389873616806426e+02 -6.76802332995205688e+02 -6.65951974495020067e+02 -6.82699076994184907e+02 -6.77903031659411909e+02 -6.67963697772405908e+02 -6.83604263937402720e+02 -6.77997361657521196e+02 -6.67152862688524010e+02 -6.83815143750450943e+02 -6.77642985668643860e+02 -6.63753377734647415e+02 -6.83392712180499984e+02 -6.77788999036077712e+02 -6.62304116879278808e+02 -6.80610457711684148e+02 -6.68058122984602051e+02 -6.82463046337361220e+02 -6.84712301205965105e+02
custom
2.00000000000000011e-01 3.00000000000000000e+00
2.00000000000000011e-01 3.00000000000000000e+00
TASMANIAN SG end
