TASMANIAN SG 4.0
WARNING: do not edit this manually
localpolynomial
2 1 1 5
localp
1 2 123 0 0 0 1 0 2 0 3 0 4 0 5 0 6 0 7 0 8 0 9 0 10 0 11 0 12 0 13 0 14 0 15 0 16 0 17 0 18 0 19 0 20 0 21 0 22 0 23 0 24 0 25 0 26 0 27 0 28 0 29 0 30 0 31 0 32 1 0 1 1 1 2 1 3 1 4 1 5 1 6 1 7 1 8 1 9 1 10 1 11 1 12 1 13 1 14 1 15 1 16 2 0 2 1 2 2 2 3 2 4 2 5 2 6 2 7 2 8 2 9 2 10 2 11 2 12 2 13 2 14 2 15 2 16 3 0 3 1 3 2 3 3 3 4 3 5 3 6 3 7 3 8 4 0 4 1 4 2 4 3 4 4 4 5 4 6 4 7 4 8 5 0 5 1 5 2 5 3 5 4 6 0 6 1 6 2 6 3 6 4 7 0 7 1 7 2 7 3 7 4 8 0 8 1 8 2 8 3 8 4 9 0 9 1 9 2 10 0 10 1 10 2 11 0 11 1 11 2 12 0 12 1 12 2 13 0 13 1 14 0 14 1 15 0 16 0
1  -6.26248559400370937e+02 5.51096627954149199e+01 -4.59289289016222710e+01 -1.66628704601724849e+01 -5.70600943623105650e+00 -1.86490371425875310e+01 -1.28630841155426197e+01 -7.79996909360068003e+00 -3.38281770678759131e+00 -1.99074472577350434e+01 -1.52075400775494245e+01 -1.21393040369206346e+01 -1.18327947647294422e+01 -7.99511170343896538e+00 -6.26722593886734103e+00 -3.64469213460813535e+00 -2.57197094216007827e+00 -2.18780073557016976e+01 -1.72868161040132691e+01 -1.50112294931350334e+01 -1.55900175843088391e+01 -1.25431049764700902e+01 -1.21617406115377662e+01 -1.02229192899545751e+01 -1.34268593551975073e+01 -8.03437832231213633e+00 -8.11293644817669701e+00 -5.55686815340345674e+00 -7.21748599976251626e+00 -3.64266637215109768e+00 -3.93721911815146086e+00 -2.25718213392451617e+00 -2.94966673891588016e+00 5.46997118335480081e+00 -2.39283270281204068e+01 -1.85722091712682413e+00 -1.21029533977899177e+01 -5.28385500719832635e+00 -1.05459583730145141e+01 -8.60997500548575090e+00 -5.51992198697320191e+00 -2.58875935027157311e+00 -1.01585622056360876e+01 -6.19331671755304569e+00 -4.92650198326737154e+00 -8.04324380481483558e+00 -4.58791127805551469e+00 -3.43962904860347862e+00 -1.58766993659509126e+00 -2.03373212189205788e+00 -4.53144233364740785e+01 -1.20727122551641060e+01 9.99839385966663485e+00 -1.09078530376075378e+00 4.95285954451850330e+00 -2.13321428351582654e+00 1.54634870584777673e+00 3.62234659749049115e+00 6.46432519492572055e+00 -3.82858412525894209e+00 -7.12105630483961249e-02 1.71026830868743218e+00 1.91363663011543395e+00 3.29799827592262318e+00 4.16779145549332952e+00 4.52056673264434039e+00 6.95175704136283912e+00 -1.12025043828459729e+01 -1.87646000121284260e+01 9.28701026724411349e-01 -7.71157919458644869e+00 -2.67882084996819003e+00 -5.97980355906646821e+00 -5.69174825631647252e+00 -3.54011736999166260e+00 -5.54287068273708883e-01 -5.60093015143399953e+00 -1.00005492928984836e+01 8.74655350579115520e+00 -4.45506424739383533e+00 -8.60524326402924089e-01 -4.94033464519529275e+00 -3.26686601492372120e+00 -2.41257983711774671e+00 -9.51625147654411307e-01 -1.25686258288920953e+01 -4.67816289526859919e+00 1.11712240547736315e+01 -6.04807048140095560e+00 -4.02887431359766879e+00 -1.18962245501451207e+01 -8.23488560399943026e+00 1.07591779668466074e+01 -7.90812754977450538e+00 -4.17278634177597496e+00 -8.20122596091073319e+00 -8.51569534016263674e+00 2.06214397242118253e+00 -5.12364970684839705e+00 -2.48602174732174319e+00 -3.96713222474397753e+00 -8.11342475013421449e+00 5.63903737871928001e+00 -2.00844445500041502e+00 -1.77200599812466919e+00 -1.43641330661185975e+01 -2.90114638859446927e+00 1.10502991833439239e+01 -1.29888604589623355e+01 -2.25639526586499528e+00 1.10297826841503763e+01 -1.20807590760998664e+01 -3.61714512837565394e+00 1.02714433442661459e+01 -1.35542078386407638e+01 -8.38310775901678085e+00 1.09409317332034277e+01 -9.92082201628431903e+00 -6.71038473238398581e+00 -8.48929602463726951e+00 -6.22288726209872323e+00 -5.78538057748517076e+00 -4.84969330067099236e+00
0
0
1 0
0 4 5 6 8 10 12 14 16 18 20 22 24 26 28 30 32 34 34 34 34 34 34 34 34 34 34 34 34 34 34 34 34 34 37 38 39 41 43 45 47 49 51 51 51 51 51 51 51 51 51 54 55 56 58 60 62 64 66 68 68 68 68 68 68 68 68 68 72 73 74 76 78 78 78 78 78 82 83 84 86 88 88 88 88 88 92 93 94 94 94 98 99 100 100 100 104 105 106 106 106 110 111 112 112 112 114 114 114 116 116 116 118 118 118 120 120 120 121 121 122 122 122 122
33 50 1 2 3 4 5 6 7 8 9 10 11 12 13 14 15 16 17 18 19 20 21 22 23 24 25 26 27 28 29 30 31 32 67 34 35 36 37 38 39 40 41 42 43 44 45 46 47 48 49 76 51 52 53 54 55 56 57 58 59 60 61 62 63 64 65 66 85 90 68 69 70 71 72 73 74 75 95 100 77 78 79 80 81 82 83 84 105 108 86 87 88 89 111 114 91 92 93 94 117 119 96 97 98 99 121 122 101 102 103 104 106 107 109 110 112 113 115 116 118 120
1 123 1 -6.26248559400370937e+02 -5.71138896604956017e+02 -6.72177488301993208e+02 -6.15356598462836018e+02 -6.54919033287413185e+02 -6.11896784676483549e+02 -6.33665663047146040e+02 -6.48383765437492798e+02 -6.66931078501490674e+02 -6.11425287898454826e+02 -6.28834231647209094e+02 -6.36650434791911607e+02 -6.41789905988487931e+02 -6.45311274122370719e+02 -6.57918625301320276e+02 -6.64569748029060065e+02 -6.72126254343902019e+02 -6.13160099607407119e+02 -6.28947852391482456e+02 -6.35376737654981298e+02 -6.37685432639331452e+02 -6.38546621603843960e+02 -6.47319789531066590e+02 -6.47950703807771561e+02 -6.47446092049626941e+02 -6.43814295083682964e+02 -6.54960456228108455e+02 -6.58708063522809880e+02 -6.63636315294129190e+02 -6.63387057030387609e+02 -6.69687632383426944e+02 -6.71785848556620977e+02 -6.75101538061863607e+02 -6.20778588217016136e+02 -5.89597252449721623e+02 -6.68564738035765231e+02 -6.33953744191331339e+02 -6.55661527569820123e+02 -6.40970493836128526e+02 -6.48839225325202051e+02 -6.51539948973992068e+02 -6.68084709859851728e+02 -6.45349882606296205e+02 -6.58862975808832289e+02 -6.58462290778454644e+02 -6.54684945340653485e+02 -6.48742291576998468e+02 -6.63307593259376972e+02 -6.67105480786039152e+02 -6.72930427011860615e+02 -6.71562982736845015e+02 -6.28526032196594201e+02 -7.07493517778800651e+02 -6.67798163230652790e+02 -6.90281400149535443e+02 -6.68944349139726910e+02 -6.80997308393443745e+02 -6.85099813939300475e+02 -6.95805951476029804e+02 -6.72471222051154541e+02 -6.83650006825787614e+02 -6.84826771540281584e+02 -6.86199303699758502e+02 -6.83028511765588974e+02 -6.89790041527792027e+02 -6.92167801214746419e+02 -6.97269948528212467e+02 -6.34716078191539509e+02 -6.10335178922313162e+02 -6.80644916525000781e+02 -6.52951554910580171e+02 -6.68707255148068498e+02 -6.61545186804608079e+02 -6.66693636425661907e+02 -6.65811714126883089e+02 -6.79907570286731698e+02 -6.54506701220041919e+02 -6.15433943845107592e+02 -6.86689879686039717e+02 -6.56633649892021367e+02 -6.74688394443415632e+02 -6.60689775798105188e+02 -6.70926951333574152e+02 -6.72998923463702113e+02 -6.81791417321706717e+02 -6.40315959033169975e+02 -6.17213004410178087e+02 -6.76002229054501527e+02 -6.64408427308883120e+02 -6.73196279474047287e+02 -6.42378543346100400e+02 -6.10868147917779197e+02 -6.77548248996795564e+02 -6.58075871588627479e+02 -6.72502566126238662e+02 -6.48578856271117274e+02 -6.10003341526105260e+02 -6.85572765982506098e+02 -6.53577847515269241e+02 -6.74459889587436351e+02 -6.67001974203187388e+02 -6.34060544995729060e+02 -6.95419793578444910e+02 -6.72248195616148678e+02 -6.85404516829984573e+02 -6.44911406691211710e+02 -6.20670407884662950e+02 -6.75597317427908024e+02 -6.50504879071317077e+02 -6.29019347391072984e+02 -6.80282650564563141e+02 -6.50628069844919764e+02 -6.26299567624521615e+02 -6.80905898492731808e+02 -6.47867759211876546e+02 -6.12940837859025123e+02 -6.77476144754831694e+02 -6.47334529852028368e+02 -6.07202325814198957e+02 -6.60032074770216809e+02 -6.27430825972342404e+02 -6.66539718289099937e+02 -6.74132171770687364e+02
custom
2.00000000000000011e-01 3.00000000000000000e+00
2.00000000000000011e-01 3.00000000000000000e+00
TASMANIAN SG end
