TASMANIAN SG 4.0
WARNING: do not edit this manually
localpolynomial
2 1 1 5
localp
1 2 123 0 0 0 1 0 2 0 3 0 4 0 5 0 6 0 7 0 8 0 9 0 10 0 11 0 12 0 13 0 14 0 15 0 16 0 17 0 18 0 19 0 20 0 21 0 22 0 23 0 24 0 25 0 26 0 27 0 28 0 29 0 30 0 31 0 32 1 0 1 1 1 2 1 3 1 4 1 5 1 6 1 7 1 8 1 9 1 10 1 11 1 12 1 13 1 14 1 15 1 16 2 0 2 1 2 2 2 3 2 4 2 5 2 6 2 7 2 8 2 9 2 10 2 11 2 12 2 13 2 14 2 15 2 16 3 0 3 1 3 2 3 3 3 4 3 5 3 6 3 7 3 8 4 0 4 1 4 2 4 3 4 4 4 5 4 6 4 7 4 8 5 0 5 1 5 2 5 3 5 4 6 0 6 1 6 2 6 3 6 4 7 0 7 1 7 2 7 3 7 4 8 0 8 1 8 2 8 3 8 4 9 0 9 1 9 2 10 0 10 1 10 2 11 0 11 1 11 2 12 0 12 1 12 2 13 0 13 1 14 0 14 1 15 0 16 0
1  -5.43137358206083718e+02 7.17819400970540755e+01 -8.93867663111036563e+01 -3.47781900956848631e+01 -1.67478352700397863e+01 -3.66290188291275172e+01 -2.93540720747023443e+01 -2.02356869085896278e+01 -1.22952336714276953e+01 -3.81159652819070516e+01 -3.07132184265094565e+01 -2.62217255535840650e+01 -2.82727595357623613e+01 -2.00366802656010350e+01 -1.70298973626117913e+01 -1.13596683333410056e+01 -1.13900544819375682e+01 -4.15023308059558076e+01 -3.34715025952027645e+01 -2.97875907467659999e+01 -3.19748225640789769e+01 -2.64539605881533362e+01 -2.68336926262928728e+01 -2.36074573379025878e+01 -3.26998742991689824e+01 -1.98445808651824791e+01 -2.06111722120934928e+01 -1.45969526080787091e+01 -2.00174552721435930e+01 -1.05862034784312300e+01 -1.28778678021084261e+01 -8.42229870184439733e+00 -1.42251178197615218e+01 8.68183513431768006e+00 -4.45842072360250086e+01 -8.82529470510428382e+00 -2.51900026010761735e+01 -1.34243475598130431e+01 -2.03228673657699801e+01 -1.93534457991028717e+01 -1.28837292139867827e+01 -7.14434671494575468e+00 -1.90414007105209180e+01 -1.23608718658885550e+01 -1.04685077969264171e+01 -1.85662379448810952e+01 -1.03360477837885583e+01 -7.80197292772771789e+00 -3.22188595815237022e+00 -5.59469431540958340e+00 -7.02746385763450689e+01 -2.61579060375704557e+01 9.60100649718719978e+00 -7.88601007248155383e+00 2.64029299208004886e+00 -7.45327945959718363e+00 -4.05334015322887353e+00 7.72684302555887825e-01 6.70926286362254132e+00 -1.02690034018552296e+01 -4.27409266620099970e+00 -1.82120460356236435e+00 -5.05627954896851861e+00 -1.72176013860052990e-01 1.94703671729342886e+00 4.31873813799973050e+00 6.58631743098845845e+00 -2.78371785497838573e+01 -3.36580366870753096e+01 -2.16299121514384751e+00 -1.55619383150945225e+01 -7.23751424176074920e+00 -1.06691764997127478e+01 -1.27190788610862029e+01 -8.40375801297680880e+00 -2.69703655584187629e+00 -1.94974813436950853e+01 -1.12287433370420331e+01 1.87372478436348047e+01 -1.06443845566466848e+01 -4.93278212923490855e+00 -1.01155547365538325e+01 -9.02700339108511685e+00 -7.17093598133226351e+00 -5.03062476955352622e+00 -3.01276418965678658e+01 -1.55614291141625927e+00 2.26783403911566666e+01 -1.22380929962659337e+01 -1.01995154890040709e+01 -2.91949658574243358e+01 -8.18358024548649610e+00 2.12019570109447386e+01 -1.61805088087385371e+01 -1.12420014183145867e+01 -2.25986281085547489e+01 -9.43061787515921424e+00 -2.79771257879019686e+00 -1.07445046969411635e+01 -4.08472499907085762e+00 -1.73618262433762993e+01 -7.37701062016401465e+00 3.24065917119298774e+00 -5.67028704496888736e+00 -2.83286946578809307e+00 -3.41707501553421480e+01 2.09527725246329055e+00 2.08381723845780584e+01 -3.09693043436325297e+01 3.20479754139927309e+00 2.09820699244152706e+01 -2.90636051545104692e+01 2.36240835653688919e-01 1.92028621070480767e+01 -3.32396269208968533e+01 -7.89794258922074732e+00 1.98437251008816702e+01 -2.54771470414643773e+01 -6.06703355817421652e+00 -2.40210129845258962e+01 -4.53482204386875765e+00 -1.87726045969303641e+01 -2.15285440443652760e+01
0
0
1 0
0 4 5 6 8 10 12 14 16 18 20 22 24 26 28 30 32 34 34 34 34 34 34 34 34 34 34 34 34 34 34 34 34 34 37 38 39 41 43 45 47 49 51 51 51 51 51 51 51 51 51 54 55 56 58 60 62 64 66 68 68 68 68 68 68 68 68 68 72 73 74 76 78 78 78 78 78 82 83 84 86 88 88 88 88 88 92 93 94 94 94 98 99 100 100 100 104 105 106 106 106 110 111 112 112 112 114 114 114 116 116 116 118 118 118 120 120 120 121 121 122 122 122 122
33 50 1 2 3 4 5 6 7 8 9 10 11 12 13 14 15 16 17 18 19 20 21 22 23 24 25 26 27 28 29 30 31 32 67 34 35 36 37 38 39 40 41 42 43 44 45 46 47 48 49 76 51 52 53 54 55 56 57 58 59 60 61 62 63 64 65 66 85 90 68 69 70 71 72 73 74 75 95 100 77 78 79 80 81 82 83 84 105 108 86 87 88 89 111 114 91 92 93 94 117 119 96 97 98 99 121 122 101 102 103 104 106 107 109 110 112 113 115 116 118 120
1 123 1 -5.43137358206083718e+02 -4.71355418109029642e+02 -6.32524124517187374e+02 -5.42024578253241543e+02 -6.04578576631675332e+02 -5.43319017010262996e+02 -5.71935040304365089e+02 -5.94093654327469153e+02 -6.30846584245859049e+02 -5.45453182841553371e+02 -5.73385016058261840e+02 -5.83201534832387324e+02 -5.85808958790986708e+02 -5.88652186532377527e+02 -6.16366012842183977e+02 -6.29072248772108082e+02 -6.43075408863460780e+02 -5.49906631281247542e+02 -5.77857602521110948e+02 -5.88139607281028361e+02 -5.89679619719830612e+02 -5.89067017130967770e+02 -6.04401980194669022e+02 -6.02479456885578429e+02 -5.97173032797704195e+02 -5.85739353234413102e+02 -6.11984092642016776e+02 -6.19826786192905274e+02 -6.30489750009073305e+02 -6.27411616180322994e+02 -6.42837284311092162e+02 -6.45383295256504198e+02 -6.52024884510085599e+02 -5.34455523071766038e+02 -5.07257790210736971e+02 -6.32667584087973978e+02 -5.80824849338012541e+02 -6.13733736409722837e+02 -6.00993205969272140e+02 -6.06347704078694619e+02 -6.07214045863320848e+02 -6.42640240635221858e+02 -6.11282864082432525e+02 -6.33983117946040466e+02 -6.30276510058864005e+02 -6.17240611055873728e+02 -6.01207512516933093e+02 -6.35305761426861409e+02 -6.42768542813965610e+02 -6.54638661158945183e+02 -6.13411996782428787e+02 -5.67787962722945167e+02 -6.93197756596345243e+02 -6.33264179920853394e+02 -6.67412418967346753e+02 -6.44608369610623868e+02 -6.56745500579572422e+02 -6.59875210480921510e+02 -6.85891058589651152e+02 -6.54583134850546799e+02 -6.73923585858449201e+02 -6.73047770407359280e+02 -6.68407787765731427e+02 -6.56852459911136179e+02 -6.78726675369452551e+02 -6.83692668973840114e+02 -6.94348144643947307e+02 -5.66633619188708735e+02 -5.50801819396742530e+02 -6.62596024067508324e+02 -6.21652849004043105e+02 -6.45312344919815587e+02 -6.43686963212117917e+02 -6.45893107931716031e+02 -6.41054291582821975e+02 -6.72518628078404504e+02 -5.97772158837951338e+02 -5.50297915096724523e+02 -6.63621174056826590e+02 -6.23400616655910198e+02 -6.51057137350623634e+02 -6.37320479171797160e+02 -6.50994133289332694e+02 -6.51434928832931405e+02 -6.71310382712895034e+02 -5.80672213026805252e+02 -5.60713589611723819e+02 -6.55081105583152407e+02 -6.44382655519569767e+02 -6.58511027854762801e+02 -5.84080454554820562e+02 -5.48457164855796918e+02 -6.55553083138827446e+02 -6.31305978417548431e+02 -6.54781449546012027e+02 -5.93053386630572277e+02 -5.42855912586591103e+02 -6.73468989974351871e+02 -6.20771039197651362e+02 -6.55900066388170217e+02 -6.22953904053566475e+02 -5.83781775773375102e+02 -6.92530632398769171e+02 -6.55053016886809019e+02 -6.77809144282553120e+02 -5.91734618204627850e+02 -5.66061162814109252e+02 -6.57206922606327225e+02 -6.04622220451389580e+02 -5.83522211306466374e+02 -6.68825799244547625e+02 -6.04420642026275118e+02 -5.78456856445126505e+02 -6.68935296650630335e+02 -5.96848533301348994e+02 -5.51043860992530881e+02 -6.57434505648022650e+02 -5.93572519459792375e+02 -5.38649845947448966e+02 -6.19433785718787703e+02 -5.75132748870052410e+02 -6.29135636042689157e+02 -6.39711494462362907e+02
custom
2.00000000000000011e-01 3.00000000000000000e+00
2.00000000000000011e-01 3.00000000000000000e+00
TASMANIAN SG end
