TASMANIAN SG 4.0
WARNING: do not edit this manually
localpolynomial
2 1 1 5
localp
1 2 131 0 0 0 1 0 2 0 3 0 4 0 5 0 6 0 7 0 8 0 9 0 10 0 11 0 12 0 13 0 14 0 15 0 16 0 17 0 18 0 19 0 20 0 21 0 22 0 23 0 24 0 25 0 26 0 27 0 28 0 29 0 30 0 31 0 32 1 0 1 1 1 2 1 3 1 4 1 5 1 6 1 7 1 8 1 9 1 10 1 11 1 12 1 13 1 14 1 15 1 16 2 0 2 1 2 2 2 3 2 4 2 5 2 6 2 7 2 8 2 9 2 10 2 11 2 12 2 13 2 14 2 15 2 16 3 0 3 1 3 2 3 3 3 4 3 5 3 6 3 7 3 8 4 0 4 1 4 2 4 3 4 4 4 5 4 6 4 7 4 8 5 0 5 1 5 2 5 3 5 4 6 0 6 1 6 2 6 3 6 4 7 0 7 1 7 2 7 3 7 4 8 0 8 1 8 2 8 3 8 4 9 0 9 1 9 2 10 0 10 1 10 2 11 0 11 1 11 2 12 0 12 1 12 2 13 0 13 1 13 2 14 0 14 1 14 2 15 0 15 1 15 2 16 0 16 1 16 2 17 0 18 0
1  -6.46822769021656313e+02 4.53609732785703272e+01 -3.04447921349831176e+01 -1.16607421906601303e+01 -3.57781404255968027e+00 -1.34123459962469269e+01 -8.60852113563157673e+00 -4.98603305933556840e+00 -2.03559912892274042e+00 -1.49423670122223484e+01 -1.12752041352982815e+01 -8.82727423681308210e+00 -8.18950159883388551e+00 -5.60682390201850467e+00 -4.45080331689837294e+00 -2.73447597125584707e+00 -1.94681335722384574e+00 -1.62532611071205793e+01 -1.27467644364116950e+01 -1.09229100417638847e+01 -1.11604653047800184e+01 -8.79296934484352732e+00 -8.36319771360274444e+00 -6.73461992095701589e+00 -8.65647647281480204e+00 -5.01772797417550009e+00 -5.25047329600420198e+00 -3.48100360757246108e+00 -4.74002924122271452e+00 -2.30605558658248810e+00 -2.71311610347606802e+00 -1.44823091162788842e+00 -2.05440449677416836e+00 4.42294340606258629e+00 -1.76234968001712105e+01 -1.20193445717109171e+00 -8.51386597987271898e+00 -3.52755688072033990e+00 -7.75596127824559289e+00 -5.92351328127972465e+00 -3.79258441531197832e+00 -1.84791651015751768e+00 -7.61038800086083711e+00 -4.55080385302562718e+00 -3.50473111369933576e+00 -5.41459959771771082e+00 -3.10628655839911971e+00 -2.36853323227086321e+00 -1.13676354058821971e+00 -1.43693984598462521e+00 -3.38654113234858869e+01 -8.69533057027115319e+00 7.72623177276534534e+00 -2.35101004245507283e-01 4.17100590203477850e+00 -1.31860614751559524e+00 1.86635756274148434e+00 3.24112265635130825e+00 5.07390451346878990e+00 -2.53491553480722587e+00 4.08480261341992446e-01 1.85941487065912270e+00 2.49081393577182553e+00 3.32710147202465123e+00 4.07813159998443098e+00 4.36182884320612629e+00 6.44149355989844707e+00 -7.15755890468437883e+00 -1.40077495887632040e+01 6.86899951971327027e-01 -5.69682537925140764e+00 -1.96465829100685596e+00 -4.97386137440305731e+00 -4.30716406827194476e+00 -2.79996852578443622e+00 -9.63564109272851965e-01 -2.91038264160965809e+00 -8.45964766250506273e+00 5.52955288000373457e+00 -3.00068763977378694e+00 -3.07074955230888236e-01 -3.56157536247911821e+00 -2.06371810968829550e+00 -1.36349284757331191e+00 -9.57278581399094719e-02 -7.28158371126983184e+00 -1.12473435946741915e+01 6.68102189888770681e-01 -3.99121468491414078e+00 -2.18378620339450435e+00 -6.85227965410081197e+00 -1.31189778893051994e+01 1.12716084759705382e+00 -5.09735933371912608e+00 -2.06674765801983540e+00 -4.97329360799017195e+00 -7.24593523390598193e+00 5.52198135374902677e+00 -3.62302962288615049e+00 -1.89572511135877164e+00 -1.66036216021529981e+00 -7.09690909241982126e+00 5.35200331920765393e+00 -1.30981798963748020e+00 -1.23358861237093720e-01 -8.02177682716194340e+00 -1.05341025329075535e+01 9.61482165571680980e-02 -7.08828306300733857e+00 -9.17040636152583488e+00 9.61158493815759130e-01 -8.08985555039828341e+00 -2.81200012717263803e+00 7.72502806398105690e+00 -8.87080118780863813e+00 -7.00323343151180211e+00 7.61361799567251296e+00 -6.30292977632143447e+00 -5.87700081189220214e+00 5.63638792774727904e+00 -5.15663560337645777e+00 -5.58623737732355607e+00 5.76949849140893889e+00 -3.26035278967162867e+00 -4.48226728679966868e+00 5.00537929984935204e+00 -2.07020416561954335e+00 -6.82900009816322040e+00 6.72694500293104625e+00 -9.56586879152791880e+00 -8.28199719295366776e+00
0
0
1 0
0 4 5 6 8 10 12 14 16 18 20 22 24 26 28 30 32 34 34 34 34 34 34 34 34 34 34 34 34 34 34 34 34 34 37 38 39 41 43 45 47 49 51 51 51 51 51 51 51 51 51 54 55 56 58 60 62 64 66 68 68 68 68 68 68 68 68 68 72 73 74 76 78 78 78 78 78 82 83 84 86 88 88 88 88 88 92 93 94 94 94 98 99 100 100 100 104 105 106 106 106 110 111 112 112 112 116 116 116 118 118 118 120 120 120 122 122 122 124 124 124 126 126 126 128 128 128 130 130 130 130 130
33 50 1 2 3 4 5 6 7 8 9 10 11 12 13 14 15 16 17 18 19 20 21 22 23 24 25 26 27 28 29 30 31 32 67 34 35 36 37 38 39 40 41 42 43 44 45 46 47 48 49 76 51 52 53 54 55 56 57 58 59 60 61 62 63 64 65 66 85 90 68 69 70 71 72 73 74 75 95 100 77 78 79 80 81 82 83 84 105 108 86 87 88 89 111 114 91 92 93 94 117 120 96 97 98 99 123 126 101 102 103 104 129 130 106 107 109 110 112 113 115 116 118 119 121 122 124 125 127 128
1 131 1 -6.46822769021656313e+02 -6.01461795743085986e+02 -6.77267561156639431e+02 -6.35803024573031280e+02 -6.65622979131707552e+02 -6.32044756154305560e+02 -6.49921417932975373e+02 -6.61208907136017388e+02 -6.73480869273096346e+02 -6.31695642960918008e+02 -6.45199094498966701e+02 -6.51689495489816295e+02 -6.56561595076149842e+02 -6.59622661980855355e+02 -6.67866746450760957e+02 -6.72286400173657739e+02 -6.77321028572091677e+02 -6.32831980459122633e+02 -6.44616963994023536e+02 -6.49544835368399958e+02 -6.51661524840779066e+02 -6.52539229376267372e+02 -6.59168654424998635e+02 -6.59976126425519510e+02 -6.60348658521717880e+02 -6.58240443475431448e+02 -6.65666257854440687e+02 -6.68018830400961633e+02 -6.71484892032456855e+02 -6.71260745239265020e+02 -6.75596750826853054e+02 -6.76849179834221900e+02 -6.79348699361139779e+02 -6.42399825615593727e+02 -6.14662349137194610e+02 -6.74046552207747936e+02 -6.48705695546927018e+02 -6.65328559834950852e+02 -6.52852329616553334e+02 -6.60084794998171674e+02 -6.62642810199919722e+02 -6.73571071660429652e+02 -6.56310094389957044e+02 -6.66605020570064084e+02 -6.66727250623061764e+02 -6.64846411503434410e+02 -6.61234428368174349e+02 -6.70805021566604637e+02 -6.73321055259534319e+02 -6.77192565137297265e+02 -6.80688180345142200e+02 -6.44022537636843026e+02 -7.03406740707359972e+02 -6.74251202185898251e+02 -6.91454268666775988e+02 -6.73867822055133161e+02 -6.84211854838410318e+02 -6.87816134908943241e+02 -6.94392199302521931e+02 -6.76422462393017668e+02 -6.84926235994472108e+02 -6.86199387878308244e+02 -6.88148705254838433e+02 -6.86531880057036574e+02 -6.90007873504773670e+02 -6.91295881112698680e+02 -6.94404789802266350e+02 -6.51768856223309399e+02 -6.29227380933587938e+02 -6.82127715634906735e+02 -6.62112619138296509e+02 -6.74254536703034773e+02 -6.67934188045715018e+02 -6.72818179525346295e+02 -6.72693990255948052e+02 -6.82114247662245248e+02 -6.66665857325008915e+02 -6.34112196994079227e+02 -6.87717980693605568e+02 -6.65168007492100742e+02 -6.78991305056080478e+02 -6.67273326675573799e+02 -6.75655992872503930e+02 -6.77557545769277795e+02 -6.82949017605171321e+02 -6.54365924630721338e+02 -6.40473792341335184e+02 -6.84700615442708340e+02 -6.72305627536132761e+02 -6.78922867088712792e+02 -6.56148092276583725e+02 -6.35315845881742916e+02 -6.85422757202276784e+02 -6.67466949788136390e+02 -6.78294204805693198e+02 -6.61717606781322843e+02 -6.30006225210478760e+02 -6.81944083179363588e+02 -6.62704806880395381e+02 -6.76415170136368488e+02 -6.75337380995290800e+02 -6.47824638568096248e+02 -6.91870719541490416e+02 -6.76228239535062130e+02 -6.84330506223276871e+02 -6.56404651950319476e+02 -6.46123950099334479e+02 -6.87299212435832942e+02 -6.60155673490022764e+02 -6.51109276061994819e+02 -6.89541290107999203e+02 -6.62048329800344845e+02 -6.43173469085236320e+02 -6.84140063905009129e+02 -6.60356231836928600e+02 -6.34262855431734806e+02 -6.82602342371594204e+02 -6.60573117677811069e+02 -6.27913941064996038e+02 -6.80272364016575693e+02 -6.69348367656542223e+02 -6.42802084082979036e+02 -6.84218169048452182e+02 -6.74261971949821600e+02 -6.48711037857558949e+02 -6.88049323607370411e+02 -6.80082984835836101e+02 -6.54822792366252429e+02 -6.92981989287113720e+02 -6.58968107574484634e+02 -6.63667285483473961e+02
custom
2.00000000000000011e-01 3.00000000000000000e+00
2.00000000000000011e-01 3.00000000000000000e+00
TASMANIAN SG end
