TASMANIAN SG 4.0
WARNING: do not edit this manually
localpolynomial
2 1 1 5
localp
1 2 123 0 0 0 1 0 2 0 3 0 4 0 5 0 6 0 7 0 8 0 9 0 10 0 11 0 12 0 13 0 14 0 15 0 16 0 17 0 18 0 19 0 20 0 21 0 22 0 23 0 24 0 25 0 26 0 27 0 28 0 29 0 30 0 31 0 32 1 0 1 1 1 2 1 3 1 4 1 5 1 6 1 7 1 8 1 9 1 10 1 11 1 12 1 13 1 14 1 15 1 16 2 0 2 1 2 2 2 3 2 4 2 5 2 6 2 7 2 8 2 9 2 10 2 11 2 12 2 13 2 14 2 15 2 16 3 0 3 1 3 2 3 3 3 4 3 5 3 6 3 7 3 8 4 0 4 1 4 2 4 3 4 4 4 5 4 6 4 7 4 8 5 0 5 1 5 2 5 3 5 4 6 0 6 1 6 2 6 3 6 4 7 0 7 1 7 2 7 3 7 4 8 0 8 1 8 2 8 3 8 4 9 0 9 1 9 2 10 0 10 1 10 2 11 0 11 1 11 2 12 0 12 1 12 2 13 0 13 1 14 0 14 1 15 0 16 0
1  -1.35737938884133939e+02 -2.60484461610275275e+00 7.52520028656618933e-01 -1.09544216093427394e+02 -1.09881772058644913e+02 -1.03135219265867761e+02 -1.05643296246933858e+02 -9.81587308053962886e+01 -1.11085732045964846e+02 -1.01750769854001220e+02 -9.11580629940967242e+01 -8.71483962638251342e+01 -1.07881710001548782e+02 -8.69414960598253117e+01 -9.39953577836448346e+01 -8.31284545994647033e+01 -1.24397534166292985e+02 -1.08530658928829666e+02 -9.14228140380473349e+01 -8.54478443691484699e+01 -9.75050538829590039e+01 -8.45749726386211194e+01 -9.19815014359366501e+01 -8.61896324804849030e+01 -1.27576559038394976e+02 -8.15194825318351093e+01 -9.36419388007689975e+01 -7.35791064338882279e+01 -1.16231303354597458e+02 -6.81946332145620602e+01 -1.01790184931363655e+02 -7.87056207031537554e+01 -1.65476268663085250e+02 -2.60484461636252718e+00 -1.08684617370170628e+02 -1.09391483445933090e+02 -7.58731757189119520e+01 -6.79392904279719687e+01 -5.25219793095085095e+01 -6.52448981508255770e+01 -4.79671766032453490e+01 -4.71995002181743644e+01 -4.61576667088552313e+01 -3.36673008108220131e+01 -3.16165534222628821e+01 -6.47043670105002775e+01 -3.32120093164557630e+01 -2.72721315686461452e+01 -7.24545672881126279e+00 -3.84419258316895309e+01 7.52520028664321217e-01 -1.09391483439982352e+02 -1.10098349517913391e+02 -7.39786402741898570e+01 -6.61700493045164251e+01 -5.57580348016052199e+01 -7.11296387393647080e+01 -5.46062986053512702e+01 -5.07483748882336130e+01 -6.14538027826938702e+01 -5.19263412170558496e+01 -5.16321573319413716e+01 -8.69355741586706472e+01 -5.61812752679358383e+01 -5.04171585917743457e+01 -2.88758342450510384e+01 -5.85004818562483422e+01 -1.09544216093398830e+02 -7.58731757189468112e+01 -8.21412874536530921e+01 -4.54119117064726368e+01 -4.30711136834119941e+01 -2.35299567833277763e+01 -4.37312047060877660e+01 -3.26802306688562396e+01 -3.45238243997498273e+01 -1.14511590911043697e+02 1.86309343315490992e+01 1.22375282756757429e+01 -4.57058615534799060e+01 -4.69164083919147004e+01 -3.43090765107006632e+01 -4.43145330627469889e+01 -3.71343042184602723e+01 -4.89060176587038882e+01 -1.12980700314950241e+02 3.77689727678362459e+01 1.57121548362824655e+01 -3.53796529326532152e+01 -4.93926683879545863e+01 -1.14267063953678701e+02 2.15835724582068877e+01 -2.09241899268377551e-01 -4.89425543174771462e+01 -6.23156479706867685e+01 -1.05156713381436447e+02 1.57626031401679256e+01 -1.22171820062568941e+02 -3.49523123113978045e+01 1.06971121813402306e+01 -1.19779535854445356e+02 3.18648687762315035e+01 -1.16849960473293436e+02 -3.16590315301101839e+01 1.40545986812575734e+01 -1.26798054352403767e+02 4.88247927948860934e+01 -1.34012047709252897e+01 -1.16028758947077051e+02 5.11943065809564928e+01 -9.04820997276738126e+00 -1.10762473775500155e+02 4.14317361237565081e+01 -1.57556667698516719e+01 -1.30439046083813025e+02 2.57775677204656688e+01 -3.24223699136228731e+01 -1.07687721499157334e+02 2.35619457012717959e+01 -1.16573238683136225e+02 3.27885163774666495e+01 -1.05426948115172735e+02 -1.50345479646998399e+02
0
0
1 0
0 4 5 6 8 10 12 14 16 18 20 22 24 26 28 30 32 34 34 34 34 34 34 34 34 34 34 34 34 34 34 34 34 34 37 38 39 41 43 45 47 49 51 51 51 51 51 51 51 51 51 54 55 56 58 60 62 64 66 68 68 68 68 68 68 68 68 68 72 73 74 76 78 78 78 78 78 82 83 84 86 88 88 88 88 88 92 93 94 94 94 98 99 100 100 100 104 105 106 106 106 110 111 112 112 112 114 114 114 116 116 116 118 118 118 120 120 120 121 121 122 122 122 122
33 50 1 2 3 4 5 6 7 8 9 10 11 12 13 14 15 16 17 18 19 20 21 22 23 24 25 26 27 28 29 30 31 32 67 34 35 36 37 38 39 40 41 42 43 44 45 46 47 48 49 76 51 52 53 54 55 56 57 58 59 60 61 62 63 64 65 66 85 90 68 69 70 71 72 73 74 75 95 100 77 78 79 80 81 82 83 84 105 108 86 87 88 89 111 114 91 92 93 94 117 119 96 97 98 99 121 122 101 102 103 104 106 107 109 110 112 113 115 116 118 120
1 123 1 -1.35737938884133939e+02 -1.38342783500236692e+02 -1.34985418855477320e+02 -2.46584577285612710e+02 -2.45243450928450557e+02 -2.95598899658792448e+02 -2.96804554331807196e+02 -2.88649425711688536e+02 -3.01200166937928770e+02 -3.18721611433515818e+02 -3.62249801466299346e+02 -3.58842962072535101e+02 -3.24152956609519379e+02 -2.99135178357736550e+02 -3.60941796103714410e+02 -3.56350263532654367e+02 -3.42490327062996016e+02 -3.37062856395705921e+02 -3.98583069584201439e+02 -4.14372194931694366e+02 -4.01922243258915046e+02 -3.87288742317695039e+02 -4.19805259638107771e+02 -3.96668387951148134e+02 -3.57522006785221606e+02 -2.98956041152770354e+02 -3.87534240835481569e+02 -3.98374717341589644e+02 -4.19323926870679941e+02 -3.68991490445114550e+02 -4.30565400166655195e+02 -4.00550867703616177e+02 -4.04214141622321961e+02 -1.38342783500496466e+02 -2.49632245486769847e+02 -2.46981746917772938e+02 -3.79404906305972531e+02 -3.70483327695751598e+02 -4.70175774471747445e+02 -4.29762039300993933e+02 -4.00538963006765641e+02 -4.67017769570901464e+02 -5.07812446542115140e+02 -5.49615704193778697e+02 -5.23348422489571249e+02 -4.56638488412794231e+02 -3.89594378629912114e+02 -5.06778634703549642e+02 -5.09124459961602497e+02 -5.19839218242319703e+02 -1.34985418855469618e+02 -2.46981746911554723e+02 -2.44331248344726390e+02 -3.74506439251129450e+02 -3.65710154963259356e+02 -4.69637347148815024e+02 -4.31518864039598100e+02 -4.03112816320112074e+02 -4.66854808588191361e+02 -5.21514119666879992e+02 -5.65156297411124797e+02 -5.41793205241130295e+02 -4.78069425607753260e+02 -4.12171888915552017e+02 -5.28824002017104931e+02 -5.28286770620241100e+02 -5.38491044489000160e+02 -2.46584577285714033e+02 -3.79404906305848897e+02 -3.82669086433677080e+02 -5.05887457455137451e+02 -5.01549362815738448e+02 -5.95572347584442923e+02 -5.58232967398860183e+02 -5.28889519826601372e+02 -6.11318531179509591e+02 -2.49873269780845476e+02 -2.88542921785390320e+02 -2.91932396235469810e+02 -4.61447493567120148e+02 -4.60786038110975483e+02 -5.40318520853626183e+02 -5.41183030353345998e+02 -5.17925838272442661e+02 -5.61725154322008166e+02 -3.05444380708055519e+02 -3.89730303443423395e+02 -4.12093962154392727e+02 -5.72122048744240374e+02 -5.90533636540508610e+02 -3.05428322038602687e+02 -3.51557336398514565e+02 -3.73303558497524193e+02 -5.28653849412427462e+02 -5.50083739746094238e+02 -2.97962317713926154e+02 -3.02836962884081970e+02 -4.40787440989479023e+02 -4.86243759549116703e+02 -5.08560255751093734e+02 -3.12208880172602903e+02 -3.55677001426686388e+02 -5.04761318617836878e+02 -5.53483099405564644e+02 -5.77398013946951892e+02 -3.48691636456679703e+02 -3.97654536022614366e+02 -4.69737113659411989e+02 -3.92043237943961799e+02 -4.49402057240756676e+02 -5.22458493213879365e+02 -3.86768923437658486e+02 -4.34811859003925406e+02 -5.04504463010952463e+02 -3.51022176545181310e+02 -3.49611538312723042e+02 -4.17005904673936698e+02 -3.24537849798187381e+02 -3.04715648990044940e+02 -3.90491032430522068e+02 -3.79474664640405706e+02 -3.86468023091896953e+02 -3.73942629161034688e+02
custom
2.00000000000000011e-01 3.00000000000000000e+00
2.00000000000000011e-01 3.00000000000000000e+00
TASMANIAN SG end
