TASMANIAN SG 4.0
WARNING: do not edit this manually
localpolynomial
2 1 1 5
localp
1 2 123 0 0 0 1 0 2 0 3 0 4 0 5 0 6 0 7 0 8 0 9 0 10 0 11 0 12 0 13 0 14 0 15 0 16 0 17 0 18 0 19 0 20 0 21 0 22 0 23 0 24 0 25 0 26 0 27 0 28 0 29 0 30 0 31 0 32 1 0 1 1 1 2 1 3 1 4 1 5 1 6 1 7 1 8 1 9 1 10 1 11 1 12 1 13 1 14 1 15 1 16 2 0 2 1 2 2 2 3 2 4 2 5 2 6 2 7 2 8 2 9 2 10 2 11 2 12 2 13 2 14 2 15 2 16 3 0 3 1 3 2 3 3 3 4 3 5 3 6 3 7 3 8 4 0 4 1 4 2 4 3 4 4 4 5 4 6 4 7 4 8 5 0 5 1 5 2 5 3 5 4 6 0 6 1 6 2 6 3 6 4 7 0 7 1 7 2 7 3 7 4 8 0 8 1 8 2 8 3 8 4 9 0 9 1 9 2 10 0 10 1 10 2 11 0 11 1 11 2 12 0 12 1 12 2 13 0 13 1 14 0 14 1 15 0 16 0
1  -3.36505346085704559e+02 5.07904075677963647e+01 -1.07879924883800527e+02 -7.42094565008800942e+01 -5.57770421659391218e+01 -7.26828688026257055e+01 -6.85391633476329503e+01 -5.62082118544683453e+01 -5.07743412571290946e+01 -7.31404755152170765e+01 -6.30406781160656919e+01 -5.79941936211496341e+01 -6.87587738136198823e+01 -5.23391373294292634e+01 -5.09688841199112517e+01 -4.05898970164696493e+01 -5.39647243381618864e+01 -7.86276869840815493e+01 -6.51572139567063005e+01 -5.98163094048530866e+01 -6.67970658968624207e+01 -5.70123121780807196e+01 -6.06028529417864092e+01 -5.56741667580478179e+01 -8.07812092954733316e+01 -5.03580604513105641e+01 -5.51862463095047815e+01 -4.14167324478395926e+01 -6.17501124526195326e+01 -3.48187261063401934e+01 -4.84350301217014021e+01 -3.55902655178481382e+01 -7.06500222390296244e+01 5.52730975089156118e+00 -8.10124094786480669e+01 -4.51262585736532742e+01 -5.22786607206520273e+01 -3.74077736319678422e+01 -3.82886754091934449e+01 -4.32946864146537393e+01 -3.03615658472880057e+01 -2.31880050894839087e+01 -3.45076194152978530e+01 -2.40779867325760293e+01 -2.17920152882029754e+01 -4.24869937318883331e+01 -2.25662480531817380e+01 -1.75955286417030834e+01 -5.70501346435378309e+00 -1.84400664282593425e+01 -6.09337583028076324e+01 -6.54411493581924333e+01 -2.95549984493604825e+01 -3.66384612431616574e+01 -2.29691441452874869e+01 -2.85135936470498166e+01 -3.25468406463926669e+01 -2.13137519248967351e+01 -1.26210719525410582e+01 -3.30288891413210877e+01 -2.44715253278914844e+01 -2.24814979958625969e+01 -3.99791207081014193e+01 -2.32650144973731017e+01 -1.86691585108534355e+01 -8.07671357202974605e+00 -1.61624911527985091e+01 -6.92305157410205538e+01 -5.83529684476806949e+01 -2.87832614963494677e+01 -3.16129096374182978e+01 -2.23924304440548099e+01 -1.82685185829583645e+01 -2.88025315305792162e+01 -2.04852743293661206e+01 -1.42048932188882873e+01 -6.40371597721548937e+01 -1.23237708589385875e-01 2.79053502499212982e+01 -2.75883695074240336e+01 -2.22598244678105743e+01 -2.22821587793395963e+01 -2.58912294161786747e+01 -2.14344969569476973e+01 -2.27617959810069976e+01 -7.24481461090300627e+01 1.58002595497178930e+01 3.25313176361377572e+01 -2.47253711409152857e+01 -2.79514261774530155e+01 -7.23030514342016204e+01 3.74530758721256518e+00 2.58057128953225998e+01 -3.36284057509648733e+01 -3.36152403891476297e+01 -6.28554619694648409e+01 7.92502395498217993e-02 -4.35958710996767422e+01 -2.33187882426174440e+01 -1.22345430503921193e+00 -6.42649297844536704e+01 8.41310411575750550e+00 -3.61635237136372893e+01 -1.76011445593383087e+01 9.70052067876508772e-01 -8.15725384279419359e+01 2.33959831635066848e+01 2.08218011162443872e+01 -7.44063419984994425e+01 2.52564841771726094e+01 2.23677833509312620e+01 -7.06486560043548479e+01 1.87306096800096782e+01 1.81110656903500455e+01 -8.24608343671650914e+01 5.82557224319077704e+00 1.37287854247675796e+01 -6.63820849801276154e+01 6.07815080758922477e+00 -6.87065297705914872e+01 1.11288796240888104e+01 -5.95535021483940454e+01 -8.03866366462872293e+01
0
0
1 0
0 4 5 6 8 10 12 14 16 18 20 22 24 26 28 30 32 34 34 34 34 34 34 34 34 34 34 34 34 34 34 34 34 34 37 38 39 41 43 45 47 49 51 51 51 51 51 51 51 51 51 54 55 56 58 60 62 64 66 68 68 68 68 68 68 68 68 68 72 73 74 76 78 78 78 78 78 82 83 84 86 88 88 88 88 88 92 93 94 94 94 98 99 100 100 100 104 105 106 106 106 110 111 112 112 112 114 114 114 116 116 116 118 118 118 120 120 120 121 121 122 122 122 122
33 50 1 2 3 4 5 6 7 8 9 10 11 12 13 14 15 16 17 18 19 20 21 22 23 24 25 26 27 28 29 30 31 32 67 34 35 36 37 38 39 40 41 42 43 44 45 46 47 48 49 76 51 52 53 54 55 56 57 58 59 60 61 62 63 64 65 66 85 90 68 69 70 71 72 73 74 75 95 100 77 78 79 80 81 82 83 84 105 108 86 87 88 89 111 114 91 92 93 94 117 119 96 97 98 99 121 122 101 102 103 104 106 107 109 110 112 113 115 116 118 120
1 123 1 -3.36505346085704559e+02 -2.85714938517908195e+02 -4.44385270969505086e+02 -3.85319598802686471e+02 -4.46222350693543945e+02 -4.08200137462923010e+02 -4.29451635791828494e+02 -4.47572060244092540e+02 -4.96078152088653610e+02 -4.20098013505632650e+02 -4.59800546248870432e+02 -4.65379810918407145e+02 -4.51737264752386409e+02 -4.44377840494327813e+02 -4.97866089588729551e+02 -5.11740148407568427e+02 -5.24196435867241235e+02 -4.31534162995852000e+02 -4.79306289440984187e+02 -4.93816651260749779e+02 -4.89357138422640901e+02 -4.82362017038627471e+02 -5.08018576296904200e+02 -4.96268617030155269e+02 -4.74902514714518816e+02 -4.40799653741326779e+02 -5.01161196678714987e+02 -5.14135807364250695e+02 -5.33794332593756280e+02 -5.13799975656896322e+02 -5.52344180369812420e+02 -5.45727559495795617e+02 -5.54940875657402785e+02 -3.30978036334812998e+02 -3.61200038245664700e+02 -4.83984219792266799e+02 -4.72577154511770971e+02 -5.00665943861446863e+02 -5.27860140590536957e+02 -5.13611445185578646e+02 -5.02391767799886225e+02 -5.66287428173469834e+02 -5.52178184348615787e+02 -5.87337312399795678e+02 -5.72880508758027418e+02 -5.33540508305704066e+02 -4.91590287449960613e+02 -5.70093268592280992e+02 -5.79771596498281724e+02 -5.97540614749289489e+02 -3.97439104388512192e+02 -4.12089846178908260e+02 -5.34874027721673201e+02 -5.15612393027751978e+02 -5.44902752366319305e+02 -5.65047582053005613e+02 -5.57611752702157673e+02 -5.48692892156780772e+02 -6.03283803253666406e+02 -5.94738078772495101e+02 -6.27842190984335957e+02 -6.17087764481967042e+02 -5.86263323067056263e+02 -5.48670150099448847e+02 -6.16435864892314839e+02 -6.22759888398492308e+02 -6.39206130978630199e+02 -4.02972206951279361e+02 -4.51040972570487668e+02 -5.62198522618255993e+02 -5.58968286259507863e+02 -5.79458724210745459e+02 -6.15100354505178643e+02 -5.99959284690932691e+02 -5.83089734688490807e+02 -6.47401860435260005e+02 -4.31009385009263269e+02 -4.13062789829152507e+02 -5.25761458867822739e+02 -5.42153144049092816e+02 -5.67906860644936387e+02 -5.86829791344612886e+02 -5.97285077616185959e+02 -5.87757707600964181e+02 -6.26680832970786241e+02 -4.39423267752076242e+02 -4.62768391967388368e+02 -5.63008199678153687e+02 -6.05046107860725897e+02 -6.24196247504510325e+02 -4.42041827952693552e+02 -4.36935699391187029e+02 -5.49789235332759517e+02 -5.76202745922657527e+02 -6.05855972827832716e+02 -4.46612827516948755e+02 -4.12165075903445370e+02 -5.91524697987805439e+02 -5.49870996518196989e+02 -5.92941457493582561e+02 -4.78489174483341344e+02 -4.68428143672726549e+02 -6.30746196792838873e+02 -6.06542290824335623e+02 -6.37781446079023794e+02 -4.66773190471386556e+02 -4.70160770370961814e+02 -5.84246947046907735e+02 -4.95604079350177244e+02 -5.06054540090264936e+02 -6.14641919795772992e+02 -4.93155673456341276e+02 -4.95906382305182547e+02 -6.08531469289512643e+02 -4.71734421386364147e+02 -4.37960581078521898e+02 -5.65819302093529814e+02 -4.57941171781454273e+02 -4.09243941383215144e+02 -5.07517636033697499e+02 -4.70191583012801573e+02 -5.14302781894696409e+02 -5.18350776082213997e+02
custom
2.00000000000000011e-01 3.00000000000000000e+00
2.00000000000000011e-01 3.00000000000000000e+00
TASMANIAN SG end
