TASMANIAN SG 4.0
WARNING: do not edit this manually
localpolynomial
2 1 1 5
localp
1 2 125 0 0 0 1 0 2 0 3 0 4 0 5 0 6 0 7 0 8 0 9 0 10 0 11 0 12 0 13 0 14 0 15 0 16 0 17 0 18 0 19 0 20 0 21 0 22 0 23 0 24 0 25 0 26 0 27 0 28 0 29 0 30 0 31 0 32 1 0 1 1 1 2 1 3 1 4 1 5 1 6 1 7 1 8 1 9 1 10 1 11 1 12 1 13 1 14 1 15 1 16 2 0 2 1 2 2 2 3 2 4 2 5 2 6 2 7 2 8 2 9 2 10 2 11 2 12 2 13 2 14 2 15 2 16 3 0 3 1 3 2 3 3 3 4 3 5 3 6 3 7 3 8 4 0 4 1 4 2 4 3 4 4 4 5 4 6 4 7 4 8 5 0 5 1 5 2 5 3 5 4 6 0 6 1 6 2 6 3 6 4 7 0 7 1 7 2 7 3 7 4 8 0 8 1 8 2 8 3 8 4 9 0 9 1 9 2 10 0 10 1 10 2 11 0 11 1 11 2 12 0 12 1 12 2 13 0 13 1 14 0 14 1 15 0 15 1 16 0 16 1
1  -6.60036724043755839e+02 3.60422041426743363e+01 -2.07331726750566077e+01 -8.17687896867414565e+00 -2.19402814534237223e+00 -9.62743953160770616e+00 -5.78942196880575466e+00 -3.17574554287909905e+00 -1.13811341030475432e+00 -1.04814725406450862e+01 -7.67418879429192202e+00 -5.77091031090640172e+00 -5.06119965441951081e+00 -3.30385753583095720e+00 -2.50068998060476133e+00 -1.35672163748449748e+00 -7.28728327064686709e-01 -1.15989720561821059e+01 -9.02272959183380863e+00 -7.68416896851522324e+00 -7.76424425859806888e+00 -6.09493050501873768e+00 -5.66299732113338905e+00 -4.54132930955245229e+00 -5.61345666873705795e+00 -3.33724263839997093e+00 -3.33306455479441865e+00 -2.25150384523135472e+00 -2.85318776159965637e+00 -1.40857508487749783e+00 -1.42647325324332996e+00 -7.48446266436531005e-01 -7.58848942361169065e-01 3.00882685561168728e+00 -1.28034633321374258e+01 -5.75321059446537220e-01 -5.90508337139635842e+00 -2.25010706078825251e+00 -5.48604830537664157e+00 -3.88948462924992100e+00 -2.41907060700361853e+00 -1.09669019199105833e+00 -5.39709220599866057e+00 -3.12098326676692750e+00 -2.34185791631540496e+00 -3.52661345067474485e+00 -2.04269097245179410e+00 -1.54315503831111300e+00 -7.61410370270255044e-01 -8.82290272062675740e-01 -2.47456088500142641e+01 -6.32485680449894971e+00 5.90328546822831868e+00 9.88413719555865100e-02 3.32779278605841000e+00 -8.71552262136503941e-01 1.73041013619746309e+00 2.65765417424830730e+00 3.87677043158953438e+00 -1.87165002322529972e+00 3.68009224567913407e-01 1.48530958642754740e+00 2.18885151724356319e+00 2.57434681291766765e+00 2.91561464756000532e+00 2.86078983067534409e+00 4.28691307121596310e+00 -4.54320746709731793e+00 -1.03381626033202565e+01 6.30507434060973537e-01 -3.88288721196704500e+00 -1.11694024685155568e+00 -3.30364924095977130e+00 -2.60621055809554036e+00 -1.53508275746030165e+00 -1.77442102450484640e-01 -1.44847342715638661e+00 -6.83254250389603612e+00 3.61400322177911448e+00 -2.04577074566273609e+00 -2.61339153047401851e-02 -2.56137458875309676e+00 -1.25967101608367216e+00 -8.28134560068733094e-01 -9.96185662225315127e-02 -5.31749526326666455e+00 -4.01549064299018710e+00 4.94737685505214131e+00 -3.03025483724732680e+00 -1.69992965157111087e+00 -4.91696014417266269e+00 -5.91894672123436294e+00 4.77296807668534484e+00 -3.94356808347518495e+00 -1.69136442978309276e+00 -3.02237537580981552e+00 -5.87831057191525019e+00 1.47919847468082821e+00 -2.52815326944369190e+00 -1.21330761307852697e+00 -5.24723078175611590e-01 -5.84555926836193862e+00 3.36313652339131863e+00 -8.42216274854393987e-01 -8.26306488053873522e-01 -6.12948723603017243e+00 -3.13372775618356059e+00 5.02961449097691116e+00 -5.54031873845553946e+00 -2.76622544102420420e+00 5.01778746687998023e+00 -5.10933428051055216e+00 -3.40303062498148279e+00 4.68617214860276476e+00 -5.61441343109868285e+00 -6.11317731324177771e+00 4.98629828462932778e+00 -3.93825210972909190e+00 -4.92612566742964475e+00 -3.06359192153752247e+00 -4.74804049874988721e+00 -1.74402025434631014e+00 -3.87958587621257323e+00 -6.14869002628893213e-01 -5.84518103484769824e+00
0
0
1 0
0 4 5 6 8 10 12 14 16 18 20 22 24 26 28 30 32 34 34 34 34 34 34 34 34 34 34 34 34 34 34 34 34 34 37 38 39 41 43 45 47 49 51 51 51 51 51 51 51 51 51 54 55 56 58 60 62 64 66 68 68 68 68 68 68 68 68 68 72 73 74 76 78 78 78 78 78 82 83 84 86 88 88 88 88 88 92 93 94 94 94 98 99 100 100 100 104 105 106 106 106 110 111 112 112 112 114 114 114 116 116 116 118 118 118 120 120 120 121 121 122 122 123 123 124 124
33 50 1 2 3 4 5 6 7 8 9 10 11 12 13 14 15 16 17 18 19 20 21 22 23 24 25 26 27 28 29 30 31 32 67 34 35 36 37 38 39 40 41 42 43 44 45 46 47 48 49 76 51 52 53 54 55 56 57 58 59 60 61 62 63 64 65 66 85 90 68 69 70 71 72 73 74 75 95 100 77 78 79 80 81 82 83 84 105 108 86 87 88 89 111 114 91 92 93 94 117 119 96 97 98 99 121 123 101 102 103 104 106 107 109 110 112 113 115 116 118 120 122 124
1 125 1 -6.60036724043755839e+02 -6.23994519901081503e+02 -6.80769896718812447e+02 -6.50192500941092817e+02 -6.72597338526626459e+02 -6.46720949952694809e+02 -6.60904034461230026e+02 -6.69492776828070305e+02 -6.77821731033024207e+02 -6.45839207467533242e+02 -6.56130914241185792e+02 -6.61319178012067823e+02 -6.65531578906912500e+02 -6.68068607971744086e+02 -6.73545747657953143e+02 -6.76566256417309887e+02 -6.80024542202983184e+02 -6.46515835740489365e+02 -6.55302808301947834e+02 -6.59110101065455524e+02 -6.60925951849737430e+02 -6.61850769981599115e+02 -6.66774603557782370e+02 -6.67759135993623772e+02 -6.68397608144071341e+02 -6.67389908646149934e+02 -6.72113756954701557e+02 -6.73770766088243136e+02 -6.75924730853889514e+02 -6.75990372556845728e+02 -6.78620466978410377e+02 -6.79671582884440113e+02 -6.81156068403259042e+02 -6.57027897188144152e+02 -6.33789156377607242e+02 -6.78336390922647297e+02 -6.59490489122946201e+02 -6.72126279261526292e+02 -6.61753310587261012e+02 -6.67938099753600909e+02 -6.70171904374717997e+02 -6.77466138694382607e+02 -6.63649798229077874e+02 -6.71417071916162399e+02 -6.71827062665495305e+02 -6.71070811575966786e+02 -6.68946449289713883e+02 -6.75192936837037905e+02 -6.76914340985709146e+02 -6.79512283407642371e+02 -6.84782332893770104e+02 -6.55064985555594717e+02 -6.99612220100598392e+02 -6.78001696821400969e+02 -6.91063511856468267e+02 -6.77032332982242110e+02 -6.85451026690193885e+02 -6.88441013743749977e+02 -6.92599208957248493e+02 -6.78401781832788856e+02 -6.84823194471545548e+02 -6.86011962480276225e+02 -6.87989027929157942e+02 -6.87341184041673273e+02 -6.89337338133153708e+02 -6.90327292213667533e+02 -6.92547529784772223e+02 -6.63075518083047314e+02 -6.43773208209761947e+02 -6.83465843853766273e+02 -6.68436671012744000e+02 -6.77706702890994734e+02 -6.71779052536508743e+02 -6.76096469389421827e+02 -6.76311474090862248e+02 -6.82450173981131229e+02 -6.73858001895919301e+02 -6.47810768659390533e+02 -6.88025528615082749e+02 -6.71007614306014034e+02 -6.81498030923119018e+02 -6.72033781734131253e+02 -6.78616696017757477e+02 -6.80353069425342824e+02 -6.84061126529833246e+02 -6.65369202898862341e+02 -6.48114168199941332e+02 -6.81271235796421252e+02 -6.74319075489854185e+02 -6.79460227563572289e+02 -6.66473081207574296e+02 -6.44719770920828751e+02 -6.82261862353776678e+02 -6.71134587565183438e+02 -6.79373861244423779e+02 -6.69969738345647443e+02 -6.44803330227961169e+02 -6.85940889568076614e+02 -6.69089741554764601e+02 -6.80543768476420496e+02 -6.79844890473020314e+02 -6.57808159454030147e+02 -6.90980460912624835e+02 -6.78794374550918519e+02 -6.85950232694327497e+02 -6.67328037279533419e+02 -6.50214877280988048e+02 -6.80903686104587450e+02 -6.69762679229410423e+02 -6.54250232384331525e+02 -6.82891071096669293e+02 -6.69883633925821300e+02 -6.52758854470787355e+02 -6.83287015235679291e+02 -6.68869316056763637e+02 -6.46084736155295559e+02 -6.82143994682763946e+02 -6.68941483304430676e+02 -6.43263302841680115e+02 -6.74977462042320894e+02 -6.54118681863963275e+02 -6.78595466438816175e+02 -6.58433070187269323e+02 -6.82928480686024159e+02 -6.62896622542289037e+02
custom
2.00000000000000011e-01 3.00000000000000000e+00
2.00000000000000011e-01 3.00000000000000000e+00
TASMANIAN SG end
