TASMANIAN SG 4.0
WARNING: do not edit this manually
localpolynomial
2 1 1 5
localp
1 2 123 0 0 0 1 0 2 0 3 0 4 0 5 0 6 0 7 0 8 0 9 0 10 0 11 0 12 0 13 0 14 0 15 0 16 0 17 0 18 0 19 0 20 0 21 0 22 0 23 0 24 0 25 0 26 0 27 0 28 0 29 0 30 0 31 0 32 1 0 1 1 1 2 1 3 1 4 1 5 1 6 1 7 1 8 1 9 1 10 1 11 1 12 1 13 1 14 1 15 1 16 2 0 2 1 2 2 2 3 2 4 2 5 2 6 2 7 2 8 2 9 2 10 2 11 2 12 2 13 2 14 2 15 2 16 3 0 3 1 3 2 3 3 3 4 3 5 3 6 3 7 3 8 4 0 4 1 4 2 4 3 4 4 4 5 4 6 4 7 4 8 5 0 5 1 5 2 5 3 5 4 6 0 6 1 6 2 6 3 6 4 7 0 7 1 7 2 7 3 7 4 8 0 8 1 8 2 8 3 8 4 9 0 9 1 9 2 10 0 10 1 10 2 11 0 11 1 11 2 12 0 12 1 12 2 13 0 13 1 14 0 14 1 15 0 16 0
1  -6.68507338706187738e+02 2.83609177070770784e+01 -1.34911879166004383e+01 -5.78178779814902555e+00 -1.43296591775890647e+00 -6.95995662125051240e+00 -3.92684529501173074e+00 -2.06986607920248389e+00 -7.45201252141669102e-01 -7.63957712703677316e+00 -5.49450422174072628e+00 -4.02155137969339194e+00 -3.34081425747308458e+00 -2.15312835766906119e+00 -1.63176619407624912e+00 -8.87790543721848735e-01 -4.81049219444344089e-01 -8.47801831424715147e+00 -6.55315836382396810e+00 -5.53579611400607519e+00 -5.52727968169222095e+00 -4.29118310568765082e+00 -3.90756606695379105e+00 -3.05991833489724741e+00 -3.65807174592293904e+00 -2.17344781261658682e+00 -2.17279354843685724e+00 -1.46921205019793888e+00 -1.86327793336090508e+00 -9.21439488012538277e-01 -9.35819307109909460e-01 -4.93279811183583661e-01 -5.04246398084887915e-01 2.29167534786620308e+00 -9.40565732199252125e+00 -4.53103823589344756e-01 -4.17659517456047524e+00 -1.53119179934481053e+00 -3.98848129897771742e+00 -2.65476870572581447e+00 -1.63542399513698911e+00 -7.73578248734224871e-01 -3.95723130755959573e+00 -2.24182819591635507e+00 -1.64084846542101559e+00 -2.37169649854132558e+00 -1.38536106776950874e+00 -1.05884831358480369e+00 -5.39388001786392124e-01 -6.37164113128392273e-01 -1.77373343314263821e+01 -4.73449237913962406e+00 4.21806111929993222e+00 1.53290991069809479e-01 2.48909704904571072e+00 -6.60635030005664703e-01 1.41255479539773887e+00 2.04289628279582303e+00 2.81711208433040383e+00 -1.42544974078731457e+00 2.87245541981121733e-01 1.15044534564287915e+00 1.80548396635953168e+00 2.01097711257693845e+00 2.22147615938911258e+00 2.13404783559485622e+00 3.14617111956937379e+00 -2.91417113863587929e+00 -7.67508749916646593e+00 3.67635809185344442e-01 -2.78012861904579722e+00 -7.58339351839026676e-01 -2.45590049621969797e+00 -1.78611271889505474e+00 -1.02617518568703758e+00 -1.40646351332264885e-01 -6.82257690415212892e-01 -5.42811867330306086e+00 2.23344694238448938e+00 -1.43359962410968933e+00 5.46346916015352235e-02 -1.87705151933168679e+00 -8.07620081504310861e-01 -4.92281750648757566e-01 -7.18588831092858982e-03 -3.49803430860754361e+00 -3.38604945711819028e+00 3.20666894418053516e+00 -2.16698961589304417e+00 -1.13937183486515892e+00 -3.18549788193706718e+00 -4.78435715210963508e+00 3.07037610299329344e+00 -2.80972910834549339e+00 -1.11629296762649233e+00 -1.84906421003324795e+00 -4.69137131743707414e+00 1.00101213602204098e+00 -1.79836584319424730e+00 -8.10970251747747284e-01 -2.16645240645902959e-02 -4.70115623447043163e+00 2.33717394028531089e+00 -5.86770065892025627e-01 -5.29293255890976866e-01 -4.05197648552825740e+00 -2.75890077240799769e+00 3.27287493130253893e+00 -3.65861632483301946e+00 -2.48319393092774021e+00 3.27072632415664089e+00 -3.35546469785776935e+00 -2.92462412625977208e+00 3.04809791864207114e+00 -3.64020025819945658e+00 -4.96109886920638132e+00 3.21456217976842140e+00 -2.50286897077739923e+00 -4.00085024258726207e+00 -1.86184158796118027e+00 -3.88417207745999349e+00 -9.50689716246756689e-01 -7.22720833823586872e-03
0
0
1 0
0 4 5 6 8 10 12 14 16 18 20 22 24 26 28 30 32 34 34 34 34 34 34 34 34 34 34 34 34 34 34 34 34 34 37 38 39 41 43 45 47 49 51 51 51 51 51 51 51 51 51 54 55 56 58 60 62 64 66 68 68 68 68 68 68 68 68 68 72 73 74 76 78 78 78 78 78 82 83 84 86 88 88 88 88 88 92 93 94 94 94 98 99 100 100 100 104 105 106 106 106 110 111 112 112 112 114 114 114 116 116 116 118 118 118 120 120 120 121 121 122 122 122 122
33 50 1 2 3 4 5 6 7 8 9 10 11 12 13 14 15 16 17 18 19 20 21 22 23 24 25 26 27 28 29 30 31 32 67 34 35 36 37 38 39 40 41 42 43 44 45 46 47 48 49 76 51 52 53 54 55 56 57 58 59 60 61 62 63 64 65 66 85 90 68 69 70 71 72 73 74 75 95 100 77 78 79 80 81 82 83 84 105 108 86 87 88 89 111 114 91 92 93 94 117 119 96 97 98 99 121 122 101 102 103 104 106 107 109 110 112 113 115 116 118 120
1 123 1 -6.68507338706187738e+02 -6.40146420999110660e+02 -6.81998526622788177e+02 -6.60108667650798225e+02 -6.76685898582246864e+02 -6.57087500946204955e+02 -6.68234848473504712e+02 -6.74666484723419671e+02 -6.80087413854659189e+02 -6.56256538099694581e+02 -6.64092588520242316e+02 -6.68193309441844917e+02 -6.71711907847319139e+02 -6.73740040072472766e+02 -6.77307957846909630e+02 -6.79274446762174875e+02 -6.81524019458168027e+02 -6.56679497863649772e+02 -6.63225177886773736e+02 -6.66125840847229711e+02 -6.67627907767212491e+02 -6.68442171652009279e+02 -6.72121645024628492e+02 -6.73033296495309287e+02 -6.73767695022676435e+02 -6.73297137201946953e+02 -6.76376055946383303e+02 -6.77456433335362590e+02 -6.78860206147938925e+02 -6.78901612160223408e+02 -6.80616749615526942e+02 -6.81298996467597135e+02 -6.82265519438562933e+02 -6.66215663358321535e+02 -6.47260402973236978e+02 -6.80159955098511318e+02 -6.66696416138488757e+02 -6.76151966945520144e+02 -6.67926847476091098e+02 -6.73037653749142692e+02 -6.74889105226260199e+02 -6.79674740522891625e+02 -6.69190433659260520e+02 -6.75047964224946895e+02 -6.75529434788930303e+02 -6.75339169309746467e+02 -6.74090873717729437e+02 -6.78211150593551338e+02 -6.79340532279714125e+02 -6.81035561143274208e+02 -6.86244673037614120e+02 -6.62618247709676666e+02 -6.95517799834914626e+02 -6.80059957180724609e+02 -6.89825105304977569e+02 -6.78959694096456815e+02 -6.85666605608783357e+02 -6.88061858967702506e+02 -6.90599541737757363e+02 -6.79853997770890828e+02 -6.84717084318350317e+02 -6.85734387428804666e+02 -6.87490969614312121e+02 -6.87295417247750379e+02 -6.88353772171027231e+02 -6.88966066229494459e+02 -6.90393548886210965e+02 -6.70275672170890516e+02 -6.54292670623976164e+02 -6.83625776190100282e+02 -6.72934385401908344e+02 -6.79907625349765681e+02 -6.75023625779901295e+02 -6.78645371153169208e+02 -6.79005402022786029e+02 -6.83039337497774113e+02 -6.78058263562316142e+02 -6.57492710718111880e+02 -6.87206973976882182e+02 -6.74914229066937878e+02 -6.82766401471233621e+02 -6.75370795548109982e+02 -6.80514434293444197e+02 -6.81953032205228169e+02 -6.84330518822345311e+02 -6.71743702073213626e+02 -6.57660620564332248e+02 -6.82184231008732922e+02 -6.77173449423258262e+02 -6.81063867819025404e+02 -6.72577003320476251e+02 -6.55189400845590171e+02 -6.82927273185387889e+02 -6.74908932092690748e+02 -6.81063364764073299e+02 -6.75131865344285302e+02 -6.55360001386081649e+02 -6.85450802373846386e+02 -6.73504564070814126e+02 -6.81885678420510317e+02 -6.82173132824029722e+02 -6.64778299972429295e+02 -6.89046877489677627e+02 -6.80446105831023146e+02 -6.85678124197918578e+02 -6.73031659201295952e+02 -6.59271389026720954e+02 -6.81951194607847810e+02 -6.74668303446885147e+02 -6.62118455849914994e+02 -6.83292893600092839e+02 -6.74781802443540982e+02 -6.61021124558900738e+02 -6.83583891466959813e+02 -6.74182371271531338e+02 -6.56269210049756111e+02 -6.82888537982519097e+02 -6.74322470996013863e+02 -6.54256930405960929e+02 -6.78456906041261846e+02 -6.62172369717517995e+02 -6.81066387909419745e+02 -6.84216130139160100e+02
custom
2.00000000000000011e-01 3.00000000000000000e+00
2.00000000000000011e-01 3.00000000000000000e+00
TASMANIAN SG end
